aIMG0	aIMG1	aIMG2	aIMG3	aIMG4	aIMG5	aIMG6	aIMG7	ar0	ar1	ar2	ar3	ar4	ar5	eps	f0	f1	f2	f3	pr0	pr1	pr2	pr3	pr4	pr5	time	u0	u1	u2	u3	u4	u5	x0	x1	x2	x3	x4	x5	x6	x7	x8	y0	y1	y2	y3	y4	y5	y6	y7	y8
-4.0	6.1	7.0	-7.0	8.8	3.5									333.69999999999999	0	0	0	0	0.0	0.0	0.0	0.0	0.0	0.0	1578581458.3895137	0.0	0.0	0.0	0.0	0.0	0.0	603	571	526	509	482	440			nan	600	532	465	648	576	507			nan
-4.0	6.1	7.0	-7.0	8.8	3.5									333.69999999999999	0	0	0	0	0.0	0.0	0.0	0.0	0.0	0.0	1578581458.4939559	0.0	0.0	0.0	0.0	0.0	0.0	603	571	526	509	482	440			nan	600	532	465	648	576	507			nan
-3.9	5.8	6.7	-6.7	9.0	3.0									333.69999999999999	0	0	0	0	0.0	0.0	0.0	0.0	0.0	0.0	1578581458.5985208	0.0	0.0	0.0	0.0	0.0	0.0	603	571	526	509	482	440			nan	600	532	465	648	576	507			nan
-3.9	5.8	6.7	-6.7	9.0	3.0									333.69999999999999	0	0	0	0	0.0	0.0	0.0	0.0	0.0	0.0	1578581458.7028868	0.0	0.0	0.0	0.0	0.0	0.0	603	571	526	509	482	440			nan	600	532	465	648	576	507			nan
-4.1	6.1	7.0	-7.0	9.0	3.4									333.69999999999999	0	0	0	0	0.0	0.0	0.0	0.0	0.0	0.0	1578581458.8072598	0.0	0.0	0.0	0.0	0.0	0.0	603	571	526	509	482	440			nan	600	532	465	648	576	507			nan
-4.1	6.1	7.0	-7.0	9.0	3.4									333.69999999999999	0	0	0	0	0.0	0.0	0.0	0.0	0.0	0.0	1578581458.9117596	0.0	0.0	0.0	0.0	0.0	0.0	603	571	526	509	482	440			nan	600	532	465	648	576	507			nan
-4.1	6.1	7.0	-7.0	9.0	3.4									333.69999999999999	0	0	0	0	0.0	0.0	0.0	0.0	0.0	0.0	1578581459.0161548	0.0	0.0	0.0	0.0	0.0	0.0	603	571	526	509	482	440			nan	600	532	465	648	576	507			nan
-4.1	6.1	7.0	-7.0	9.0	3.4									333.69999999999999	0	0	0	0	0.0	0.0	0.0	0.0	0.0	0.0	1578581459.1205175	0.0	0.0	0.0	0.0	0.0	0.0	603	571	526	509	482	440			nan	600	532	465	648	576	507			nan
-3.7	6.0	6.7	-6.7	9.1	3.1									333.69999999999999	0	0	0	0	0.0	0.0	0.0	0.0	0.0	0.0	1578581459.225254	0.0	0.0	0.0	0.0	0.0	0.0	603	571	526	509	482	440			nan	600	532	465	648	576	507			nan
-3.7	6.0	6.7	-6.7	9.1	3.1									333.69999999999999	0	0	0	0	0.0	0.0	0.0	0.0	0.0	0.0	1578581459.3296895	0.0	0.0	0.0	0.0	0.0	0.0	603	571	526	509	482	440			nan	600	532	465	648	576	507			nan
-3.7	6.0	6.7	-6.7	9.1	3.1									333.69999999999999	0	0	0	0	0.0	0.0	0.0	0.0	0.0	0.0	1578581459.435223	0.0	0.0	0.0	0.0	0.0	0.0	603	571	526	509	482	440			nan	600	532	465	648	576	507			nan
-3.7	6.0	6.7	-6.7	9.1	3.1									333.69999999999999	0	0	0	0	0.0	0.0	0.0	0.0	0.0	0.0	1578581459.5395901	0.0	0.0	0.0	0.0	0.0	0.0	603	571	526	509	482	440			nan	600	532	465	648	576	507			nan
-3.7	6.0	6.7	-6.7	9.1	3.1									333.69999999999999	0	0	0	0	0.0	0.0	0.0	0.0	0.0	0.0	1578581459.6477013	0.0	0.0	0.0	0.0	0.0	0.0	603	571	526	509	482	440			nan	600	532	465	648	576	507			nan
-3.7	6.0	6.7	-6.7	9.1	3.1									333.69999999999999	0	0	0	0	0.0	0.0	0.0	0.0	0.0	0.0	1578581459.7518961	0.0	0.0	0.0	0.0	0.0	0.0	603	571	526	509	482	440			nan	600	532	465	648	576	507			nan
-4.0	5.7	6.8	-6.8	8.9	3.3									333.69999999999999	0	0	0	0	0.0	0.0	0.0	0.0	0.0	0.0	1578581459.858289	0.0	0.0	0.0	0.0	0.0	0.0	603	571	526	509	482	440			nan	600	532	465	648	576	507			nan
-4.0	5.7	6.8	-6.8	8.9	3.3									333.69999999999999	0	0	0	0	0.0	0.0	0.0	0.0	0.0	0.0	1578581459.962521	0.0	0.0	0.0	0.0	0.0	0.0	603	571	526	509	482	440			nan	600	532	465	648	576	507			nan
-4.0	5.9	6.8	-6.8	8.9	3.1									333.69999999999999	0	0	0	0	0.0	0.0	0.0	0.0	0.0	0.0	1578581460.0668254	0.0	0.0	0.0	0.0	0.0	0.0	603	571	526	509	482	440			nan	600	532	465	648	576	507			nan
-4.0	5.9	6.8	-6.8	8.9	3.1									333.69999999999999	0	0	0	0	0.0	0.0	0.0	0.0	0.0	0.0	1578581460.172158	0.0	0.0	0.0	0.0	0.0	0.0	603	571	526	509	482	440			nan	600	532	465	648	576	507			nan
-4.0	5.9	6.8	-6.8	9.0	3.2									333.69999999999999	0	0	0	0	1.0	0.23	0.0	1.0	1.0	0.26	1578581460.2775316	100.0	23.0	0.0	100.0	100.0	26.0	603	571	526	509	482	440			nan	600	532	465	648	576	507			nan
-4.0	5.9	6.8	-6.8	9.0	3.2									333.69999999999999	0	0	0	0	1.0	0.23	0.0	1.0	1.0	0.26	1578581460.381866	100.0	23.0	0.0	100.0	100.0	26.0	603	571	526	509	482	440			nan	600	532	465	648	576	507			nan
-4.0	5.9	6.8	-6.8	9.0	3.2									333.69999999999999	0	0	0	0	1.0	0.23	0.0	1.0	1.0	0.26	1578581460.4867122	100.0	23.0	0.0	100.0	100.0	26.0	603	571	526	509	482	440			nan	600	532	465	648	576	507			nan
-4.0	5.9	6.8	-6.8	9.0	3.2									333.69999999999999	0	0	0	0	1.0	0.23	0.0	1.0	1.0	0.26	1578581460.5917196	100.0	23.0	0.0	100.0	100.0	26.0	603	571	526	509	482	440			nan	600	532	465	648	576	507			nan
-4.0	6.0	6.8	-6.8	8.9	3.3									333.69999999999999	0	0	0	0	1.0	0.23	0.0	1.0	1.0	0.26	1578581460.6961844	100.0	23.0	0.0	100.0	100.0	26.0	603	571	526	509	482	440			nan	600	532	465	648	576	507			nan
-4.0	6.0	6.8	-6.8	8.9	3.3									333.69999999999999	0	0	0	0	1.0	0.23	0.0	1.0	1.0	0.26	1578581460.800759	100.0	23.0	0.0	100.0	100.0	26.0	603	571	526	509	482	440			nan	600	532	465	648	576	507			nan
-4.2	6.0	6.7	-6.7	9.1	3.0									333.69999999999999	0	0	0	0	1.0	0.23	0.0	1.0	1.0	0.26	1578581460.9051325	100.0	23.0	0.0	100.0	100.0	26.0	603	571	526	509	482	440			nan	600	532	465	648	576	507			nan
-4.2	6.0	6.7	-6.7	9.1	3.0									333.69999999999999	0	0	0	0	1.0	0.23	0.0	1.0	1.0	0.26	1578581461.0096087	100.0	23.0	0.0	100.0	100.0	26.0	603	571	526	509	482	440			nan	600	532	465	648	576	507			nan
-4.2	6.0	6.7	-6.7	9.1	3.0									333.69999999999999	0	0	0	0	1.0	0.23	0.0	1.0	1.0	0.26	1578581461.1138592	100.0	23.0	0.0	100.0	100.0	26.0	603	571	526	509	482	440			nan	600	532	465	648	576	507			nan
-4.2	6.0	6.7	-6.7	9.1	3.0									333.69999999999999	0	0	0	0	1.0	0.23	0.0	1.0	1.0	0.26	1578581461.2193484	100.0	23.0	0.0	100.0	100.0	26.0	603	571	526	509	482	440			nan	600	532	465	648	576	507			nan
-1.7	4.6	5.2	-5.2	9.8	2.4									334.19999999999999	0	0	0	0	1.0	0.23	0.0	1.0	1.0	0.26	1578581461.3237157	100.0	23.0	0.0	100.0	100.0	26.0	604	571	526	509	482	440			nan	600	532	465	648	575	507			nan
-1.7	4.6	5.2	-5.2	9.8	2.4									334.19999999999999	0	0	0	0	1.0	0.23	0.0	1.0	1.0	0.26	1578581461.4280243	100.0	23.0	0.0	100.0	100.0	26.0	604	571	526	509	482	440			nan	600	532	465	648	575	507			nan
nan	nan	nan	nan	70.8	25.3									nan	0	0	0	0	1.0	0.23	0.0	1.0	1.0	0.26	1578581461.5320218	100.0	23.0	0.0	100.0	100.0	26.0	nan	nan	nan	502	481	404			nan	nan	nan	nan	637	564	535			nan
nan	nan	nan	nan	70.8	25.3									nan	0	0	0	0	1.0	0.23	0.0	1.0	1.0	0.26	1578581461.6362536	100.0	23.0	0.0	100.0	100.0	26.0	nan	nan	nan	502	481	404			nan	nan	nan	nan	637	564	535			nan
nan	nan	nan	nan	70.8	25.3									nan	0	0	0	0	1.0	0.23	0.0	1.0	1.0	0.26	1578581461.7398849	100.0	23.0	0.0	100.0	100.0	26.0	nan	nan	nan	502	481	404			nan	nan	nan	nan	637	564	535			nan
nan	nan	nan	nan	70.8	25.3									nan	0	0	0	0	1.0	0.23	0.0	1.0	1.0	0.26	1578581461.8452208	100.0	23.0	0.0	100.0	100.0	26.0	nan	nan	nan	502	481	404			nan	nan	nan	nan	637	564	535			nan
109.6	38.2	-83.9	83.9	103.8	36.9									357.30000000000001	0	0	0	0	1.0	0.23	0.0	1.0	1.0	0.26	1578581461.9491553	100.0	23.0	0.0	100.0	100.0	26.0	581	565	625	485	480	400			nan	612	554	509	629	558	540			nan
109.6	38.2	-83.9	83.9	103.8	36.9									357.30000000000001	0	0	0	0	1.0	0.23	0.0	1.0	1.0	0.26	1578581462.053348	100.0	23.0	0.0	100.0	100.0	26.0	581	565	625	485	480	400			nan	612	554	509	629	558	540			nan
123.5	39.6	-89.3	89.3	117.6	31.1									359.30000000000001	0	0	0	0	1.0	0.23	0.0	1.0	1.0	0.26	1578581462.1576731	100.0	23.0	0.0	100.0	100.0	26.0	580	562	627	479	480	400			nan	611	557	518	625	558	540			nan
123.5	39.6	-89.3	89.3	117.6	31.1									359.30000000000001	0	0	0	0	1.0	0.23	0.0	1.0	1.0	0.26	1578581462.2627745	100.0	23.0	0.0	100.0	100.0	26.0	580	562	627	479	480	400			nan	611	557	518	625	558	540			nan
123.5	39.6	-89.3	89.3	117.6	31.1									359.30000000000001	0	0	0	0	1.0	0.23	0.0	1.0	1.0	0.26	1578581462.3673637	100.0	23.0	0.0	100.0	100.0	26.0	580	562	627	479	480	400			nan	611	557	518	625	558	540			nan
123.5	39.6	-89.3	89.3	117.6	31.1									359.30000000000001	0	0	0	0	1.0	0.23	0.0	1.0	1.0	0.26	1578581462.472228	100.0	23.0	0.0	100.0	100.0	26.0	580	562	627	479	480	400			nan	611	557	518	625	558	540			nan
134.6	nan	-92.9	92.9	129.7	35.5									1.3999999999999999	0	0	0	0	1.0	0.23	0.0	1.0	1.0	0.26	1578581462.5768292	100.0	23.0	0.0	100.0	100.0	26.0	580	561	nan	473	480	399			nan	610	559	nan	621	557	542			nan
134.6	nan	-92.9	92.9	129.7	35.5									1.3999999999999999	0	0	0	0	1.0	0.23	0.0	1.0	1.0	0.26	1578581462.6832128	100.0	23.0	0.0	100.0	100.0	26.0	580	561	nan	473	480	399			nan	610	559	nan	621	557	542			nan
134.6	nan	-92.9	92.9	129.7	35.5									1.3999999999999999	0	0	0	0	1.0	0.23	0.0	1.0	1.0	0.26	1578581462.7875118	100.0	23.0	0.0	100.0	100.0	26.0	580	561	nan	473	480	399			nan	610	559	nan	621	557	542			nan
134.6	nan	-92.9	92.9	129.7	35.5									1.3999999999999999	0	0	0	0	1.0	0.23	0.0	1.0	1.0	0.26	1578581462.8918774	100.0	23.0	0.0	100.0	100.0	26.0	580	561	nan	473	480	399			nan	610	559	nan	621	557	542			nan
134.8	35.3	-93.1	93.1	131.8	34.0									1.3999999999999999	0	0	0	0	1.0	0.23	0.0	1.0	1.0	0.26	1578581462.9962695	100.0	23.0	0.0	100.0	100.0	26.0	580	561	626	472	480	398			nan	610	559	521	621	557	541			nan
134.8	35.3	-93.1	93.1	131.8	34.0									1.3999999999999999	0	0	0	0	1.0	0.23	0.0	1.0	1.0	0.26	1578581463.1005137	100.0	23.0	0.0	100.0	100.0	26.0	580	561	626	472	480	398			nan	610	559	521	621	557	541			nan
134.8	35.3	-93.1	93.1	131.8	34.0									1.3999999999999999	0	0	0	0	1.0	0.23	0.0	1.0	1.0	0.26	1578581463.204881	100.0	23.0	0.0	100.0	100.0	26.0	580	561	626	472	480	398			nan	610	559	521	621	557	541			nan
134.8	35.3	-93.1	93.1	131.8	34.0									1.3999999999999999	0	0	0	0	1.0	0.23	0.0	1.0	1.0	0.26	1578581463.3092644	100.0	23.0	0.0	100.0	100.0	26.0	580	561	626	472	480	398			nan	610	559	521	621	557	541			nan
nan	34.4	-93.6	93.6	134.8	34.9									1.3999999999999999	0	0	0	0	1.0	0.23	0.0	1.0	1.0	0.26	1578581463.4136653	100.0	23.0	0.0	100.0	100.0	26.0	nan	561	626	471	480	399			nan	nan	559	521	620	557	542			nan
nan	34.4	-93.6	93.6	134.8	34.9									1.3999999999999999	0	0	0	0	1.0	0.23	0.0	1.0	1.0	0.26	1578581463.517886	100.0	23.0	0.0	100.0	100.0	26.0	nan	561	626	471	480	399			nan	nan	559	521	620	557	542			nan
135.1	34.5	-93.3	93.3	135.3	34.8									1.3999999999999999	0	0	0	0	1.0	0.23	0.0	1.0	1.0	0.26	1578581463.6230981	100.0	23.0	0.0	100.0	100.0	26.0	580	561	626	470	480	399			nan	609	559	521	620	557	542			nan
135.1	34.5	-93.3	93.3	135.3	34.8									1.3999999999999999	0	0	0	0	1.0	0.23	0.0	1.0	1.0	0.26	1578581463.7281232	100.0	23.0	0.0	100.0	100.0	26.0	580	561	626	470	480	399			nan	609	559	521	620	557	542			nan
135.1	34.5	-93.3	93.3	135.3	34.8									1.3999999999999999	0	0	0	0	1.0	0.23	0.0	1.0	1.0	0.26	1578581463.833872	100.0	23.0	0.0	100.0	100.0	26.0	580	561	626	470	480	399			nan	609	559	521	620	557	542			nan
135.1	34.5	-93.3	93.3	135.3	34.8									1.3999999999999999	0	0	0	0	1.0	0.23	0.0	1.0	1.0	0.26	1578581463.9381547	100.0	23.0	0.0	100.0	100.0	26.0	580	561	626	470	480	399			nan	609	559	521	620	557	542			nan
135.6	34.3	-93.9	93.9	136.6	35.0									1.3999999999999999	0	0	0	0	1.0	0.23	0.0	1.0	1.0	0.26	1578581464.0423095	100.0	23.0	0.0	100.0	100.0	26.0	580	561	626	470	480	399			nan	609	559	522	620	557	542			nan
135.6	34.3	-93.9	93.9	136.6	35.0									1.3999999999999999	0	0	0	0	1.0	0.23	0.0	1.0	1.0	0.26	1578581464.146674	100.0	23.0	0.0	100.0	100.0	26.0	580	561	626	470	480	399			nan	609	559	522	620	557	542			nan
137.0	33.3	-94.5	94.5	135.9	35.2									1.3999999999999999	0	0	0	0	1.0	0.23	0.0	1.0	1.0	0.26	1578581464.2544403	100.0	23.0	0.0	100.0	100.0	26.0	579	561	626	470	480	399			nan	609	559	522	619	557	542			nan
137.0	33.3	-94.5	94.5	135.9	35.2									1.3999999999999999	0	0	0	0	1.0	0.23	0.0	1.0	1.0	0.26	1578581464.3588955	100.0	23.0	0.0	100.0	100.0	26.0	579	561	626	470	480	399			nan	609	559	522	619	557	542			nan
137.0	33.3	-94.5	94.5	135.9	35.2									1.3999999999999999	0	0	0	0	1.0	0.23	0.0	1.0	1.0	0.26	1578581464.4631138	100.0	23.0	0.0	100.0	100.0	26.0	579	561	626	470	480	399			nan	609	559	522	619	557	542			nan
137.0	33.3	-94.5	94.5	135.9	35.2									1.3999999999999999	0	0	0	0	1.0	0.23	0.0	1.0	1.0	0.26	1578581464.5675185	100.0	23.0	0.0	100.0	100.0	26.0	579	561	626	470	480	399			nan	609	559	522	619	557	542			nan
137.3	33.1	-94.6	94.6	136.2	35.1									1.3999999999999999	0	0	0	0	1.0	0.23	0.0	1.0	1.0	0.26	1578581464.6718075	100.0	23.0	0.0	100.0	100.0	26.0	579	561	626	470	480	399			nan	609	559	522	620	557	543			nan
137.3	33.1	-94.6	94.6	136.2	35.1									1.3999999999999999	0	0	0	0	1.0	0.23	0.0	1.0	1.0	0.26	1578581464.7765303	100.0	23.0	0.0	100.0	100.0	26.0	579	561	626	470	480	399			nan	609	559	522	620	557	543			nan
137.2	33.4	-94.6	94.6	136.3	35.3									1.3999999999999999	0	0	0	0	1.0	0.23	0.0	1.0	1.0	0.26	1578581464.881642	100.0	23.0	0.0	100.0	100.0	26.0	579	561	626	470	480	399			nan	609	559	522	620	557	542			nan
137.2	33.4	-94.6	94.6	136.3	35.3									1.3999999999999999	0	0	0	0	1.0	0.23	0.0	1.0	1.0	0.26	1578581464.9865246	100.0	23.0	0.0	100.0	100.0	26.0	579	561	626	470	480	399			nan	609	559	522	620	557	542			nan
137.5	nan	-94.3	94.3	136.4	35.2									2.1000000000000001	0	0	0	0	1.0	0.23	0.0	1.0	1.0	0.26	1578581465.0909703	100.0	23.0	0.0	100.0	100.0	26.0	579	561	nan	470	480	399			nan	609	560	nan	619	557	542			nan
137.5	nan	-94.3	94.3	136.4	35.2									2.1000000000000001	0	0	0	0	1.0	0.23	0.0	1.0	1.0	0.26	1578581465.1951087	100.0	23.0	0.0	100.0	100.0	26.0	579	561	nan	470	480	399			nan	609	560	nan	619	557	542			nan
137.5	nan	-94.3	94.3	136.4	35.2									2.1000000000000001	1	1	1	1	1.0	0.23	0.0	1.0	1.0	0.26	1578581465.299729	100.0	23.0	0.0	100.0	100.0	26.0	579	561	nan	470	480	399			nan	609	560	nan	619	557	542			nan
137.5	nan	-94.3	94.3	136.4	35.2									2.1000000000000001	1	1	1	1	1.0	0.23	0.0	1.0	1.0	0.26	1578581465.404132	100.0	23.0	0.0	100.0	100.0	26.0	579	561	nan	470	480	399			nan	609	560	nan	619	557	542			nan
138.5	33.6	-94.6	94.6	136.8	34.9									2.1000000000000001	1	1	1	1	1.0	0.23	0.0	1.0	1.0	0.26	1578581465.5106525	100.0	23.0	0.0	100.0	100.0	26.0	579	561	626	470	480	399			nan	609	560	523	619	557	542			nan
138.5	33.6	-94.6	94.6	136.8	34.9									2.1000000000000001	0	1	1	0	1.0	0.23	0.0	1.0	1.0	0.26	1578581465.6151469	100.0	23.0	0.0	100.0	100.0	26.0	579	561	626	470	480	399			nan	609	560	523	619	557	542			nan
138.4	nan	-94.7	94.7	137.7	35.3									2.1000000000000001	0	1	1	0	1.0	0.23	0.0	1.0	1.0	0.26	1578581465.7223103	100.0	23.0	0.0	100.0	100.0	26.0	579	561	nan	469	480	399			nan	609	560	nan	619	557	542			nan
138.4	nan	-94.7	94.7	137.7	35.3									2.1000000000000001	0	1	1	0	1.0	0.23	0.0	1.0	1.0	0.26	1578581465.8267848	100.0	23.0	0.0	100.0	100.0	26.0	579	561	nan	469	480	399			nan	609	560	nan	619	557	542			nan
138.4	nan	-94.7	94.7	137.7	35.3									2.1000000000000001	0	1	1	0	0.13	0.23	0.48	0.0	0.0	0.26	1578581465.9311335	13.0	23.0	48.0	0.0	0.0	26.0	579	561	nan	469	480	399			nan	609	560	nan	619	557	542			nan
138.4	nan	-94.7	94.7	137.7	35.3									2.1000000000000001	0	1	1	0	0.13	0.23	0.48	0.0	0.0	0.26	1578581466.035381	13.0	23.0	48.0	0.0	0.0	26.0	579	561	nan	469	480	399			nan	609	560	nan	619	557	542			nan
138.3	33.7	-94.7	94.7	137.9	33.4									2.1000000000000001	0	1	1	0	0.13	0.23	0.48	0.0	0.0	0.26	1578581466.139681	13.0	23.0	48.0	0.0	0.0	26.0	579	561	626	469	480	399			nan	609	560	523	619	557	543			nan
138.3	33.7	-94.7	94.7	137.9	33.4									2.1000000000000001	0	1	1	0	0.13	0.23	0.48	0.0	0.0	0.26	1578581466.2443533	13.0	23.0	48.0	0.0	0.0	26.0	579	561	626	469	480	399			nan	609	560	523	619	557	543			nan
138.3	34.1	-94.5	94.5	137.4	33.4									2.1000000000000001	0	1	1	0	0.13	0.23	0.48	0.0	0.0	0.26	1578581466.3492115	13.0	23.0	48.0	0.0	0.0	26.0	579	561	627	469	480	399			nan	609	560	523	619	557	543			nan
138.3	34.1	-94.5	94.5	137.4	33.4									2.1000000000000001	0	1	1	0	0.13	0.23	0.48	0.0	0.0	0.26	1578581466.4543855	13.0	23.0	48.0	0.0	0.0	26.0	579	561	627	469	480	399			nan	609	560	523	619	557	543			nan
138.3	34.1	-94.5	94.5	137.4	33.4									2.1000000000000001	0	1	1	0	0.13	0.23	0.48	0.0	0.0	0.26	1578581466.5596263	13.0	23.0	48.0	0.0	0.0	26.0	579	561	627	469	480	399			nan	609	560	523	619	557	543			nan
138.3	34.1	-94.5	94.5	137.4	33.4									2.1000000000000001	0	1	1	0	0.13	0.23	0.48	0.0	0.0	0.26	1578581466.6647952	13.0	23.0	48.0	0.0	0.0	26.0	579	561	627	469	480	399			nan	609	560	523	619	557	543			nan
138.6	33.9	-95.0	95.0	137.6	33.4									2.1000000000000001	0	1	1	0	0.13	0.23	0.48	0.0	0.0	0.26	1578581466.7697735	13.0	23.0	48.0	0.0	0.0	26.0	579	561	627	469	480	398			nan	609	560	523	619	557	543			nan
nan	34.9	-91.4	91.4	129.2	38.7									2.7999999999999998	0	1	1	0	0.13	0.23	0.48	0.0	0.0	0.26	1578581466.8754244	13.0	23.0	48.0	0.0	0.0	26.0	nan	561	627	469	479	398			nan	nan	560	523	619	556	541			nan
nan	34.9	-91.4	91.4	129.2	38.7									2.7999999999999998	0	1	1	0	0.13	0.23	0.48	0.0	0.0	0.26	1578581466.9800916	13.0	23.0	48.0	0.0	0.0	26.0	nan	561	627	469	479	398			nan	nan	560	523	619	556	541			nan
nan	34.9	-91.4	91.4	129.2	38.7									2.7999999999999998	0	1	1	0	0.13	0.23	0.48	0.0	0.0	0.26	1578581467.0845041	13.0	23.0	48.0	0.0	0.0	26.0	nan	561	627	469	479	398			nan	nan	560	523	619	556	541			nan
nan	34.9	-91.4	91.4	129.2	38.7									2.7999999999999998	0	1	1	0	0.13	0.23	0.48	0.0	0.0	0.26	1578581467.1893117	13.0	23.0	48.0	0.0	0.0	26.0	nan	561	627	469	479	398			nan	nan	560	523	619	556	541			nan
nan	nan	nan	nan	67.8	nan									nan	0	1	1	0	0.13	0.23	0.48	0.0	0.0	0.26	1578581467.2935321	13.0	23.0	48.0	0.0	0.0	26.0	nan	nan	628	468	478	nan			nan	nan	nan	522	622	547	nan			nan
nan	nan	nan	nan	67.8	nan									nan	0	1	1	0	0.13	0.23	0.48	0.0	0.0	0.26	1578581467.3971944	13.0	23.0	48.0	0.0	0.0	26.0	nan	nan	628	468	478	nan			nan	nan	nan	522	622	547	nan			nan
nan	60.9	nan	nan	nan	nan									nan	0	1	1	0	0.13	0.23	0.48	0.0	0.0	0.26	1578581467.501847	13.0	23.0	48.0	0.0	0.0	26.0	nan	618	630	468	nan	nan			nan	nan	593	521	620	nan	nan			nan
nan	60.9	nan	nan	nan	nan									nan	0	1	1	0	0.13	0.23	0.48	0.0	0.0	0.26	1578581467.6054869	13.0	23.0	48.0	0.0	0.0	26.0	nan	618	630	468	nan	nan			nan	nan	593	521	620	nan	nan			nan
nan	60.9	nan	nan	nan	nan									nan	0	1	1	0	0.13	0.23	0.48	0.0	0.0	0.26	1578581467.7095137	13.0	23.0	48.0	0.0	0.0	26.0	nan	618	630	468	nan	nan			nan	nan	593	521	620	nan	nan			nan
nan	60.9	nan	nan	nan	nan									nan	0	1	1	0	0.13	0.23	0.48	0.0	0.0	0.26	1578581467.813717	13.0	23.0	48.0	0.0	0.0	26.0	nan	618	630	468	nan	nan			nan	nan	593	521	620	nan	nan			nan
14.9	69.9	66.4	-66.4	21.6	20.1									8.8000000000000007	1	1	1	1	0.13	0.23	0.48	0.0	0.0	0.26	1578581467.921739	13.0	23.0	48.0	0.0	0.0	26.0	657	622	630	468	532	573			nan	658	592	521	620	578	510			nan
14.9	69.9	66.4	-66.4	21.6	20.1									8.8000000000000007	1	1	1	1	0.13	0.23	0.48	0.0	0.0	0.26	1578581468.0267868	13.0	23.0	48.0	0.0	0.0	26.0	657	622	630	468	532	573			nan	658	592	521	620	578	510			nan
15.0	69.8	67.6	-67.6	20.1	22.1									8.9000000000000004	1	1	1	1	0.13	0.23	0.48	0.0	0.0	0.26	1578581468.1329653	13.0	23.0	48.0	0.0	0.0	26.0	657	621	630	468	532	573			nan	658	592	521	620	578	510			nan
15.0	69.8	67.6	-67.6	20.1	22.1									8.9000000000000004	1	0	0	1	0.13	0.23	0.48	0.0	0.0	0.26	1578581468.2372503	13.0	23.0	48.0	0.0	0.0	26.0	657	621	630	468	532	573			nan	658	592	521	620	578	510			nan
15.0	69.8	67.6	-67.6	20.1	22.1									8.9000000000000004	1	0	0	1	0.13	0.23	0.48	0.0	0.0	0.26	1578581468.3415444	13.0	23.0	48.0	0.0	0.0	26.0	657	621	630	468	532	573			nan	658	592	521	620	578	510			nan
15.0	69.8	67.6	-67.6	20.1	22.1									8.9000000000000004	1	0	0	1	0.13	0.23	0.48	0.0	0.0	0.26	1578581468.4457705	13.0	23.0	48.0	0.0	0.0	26.0	657	621	630	468	532	573			nan	658	592	521	620	578	510			nan
15.0	69.6	66.8	-66.8	21.0	21.0									8.9000000000000004	1	0	0	1	1.0	0.23	0.0	1.0	1.0	0.26	1578581468.5503626	100.0	23.0	0.0	100.0	100.0	26.0	657	621	630	468	532	573			nan	658	592	521	620	578	510			nan
15.0	69.6	66.8	-66.8	21.0	21.0									8.9000000000000004	1	0	0	1	1.0	0.23	0.0	1.0	1.0	0.26	1578581468.6548336	100.0	23.0	0.0	100.0	100.0	26.0	657	621	630	468	532	573			nan	658	592	521	620	578	510			nan
13.7	69.9	66.8	-66.8	20.9	20.6									8.9000000000000004	1	0	0	1	1.0	0.23	0.0	1.0	1.0	0.26	1578581468.7623417	100.0	23.0	0.0	100.0	100.0	26.0	657	621	630	468	532	574			nan	658	592	521	620	578	510			nan
13.7	69.9	66.8	-66.8	20.9	20.6									8.9000000000000004	1	0	0	1	1.0	0.23	0.0	1.0	1.0	0.26	1578581468.8670244	100.0	23.0	0.0	100.0	100.0	26.0	657	621	630	468	532	574			nan	658	592	521	620	578	510			nan
13.7	69.9	66.8	-66.8	20.9	20.6									8.9000000000000004	1	0	0	1	1.0	0.23	0.0	1.0	1.0	0.26	1578581468.9712484	100.0	23.0	0.0	100.0	100.0	26.0	657	621	630	468	532	574			nan	658	592	521	620	578	510			nan
13.7	69.9	66.8	-66.8	20.9	20.6									8.9000000000000004	1	0	0	1	1.0	0.23	0.0	1.0	1.0	0.26	1578581469.0756583	100.0	23.0	0.0	100.0	100.0	26.0	657	621	630	468	532	574			nan	658	592	521	620	578	510			nan
13.6	68.1	67.1	-67.1	20.7	20.7									8.9000000000000004	1	0	0	1	1.0	0.23	0.0	1.0	1.0	0.26	1578581469.1802714	100.0	23.0	0.0	100.0	100.0	26.0	657	621	630	468	532	574			nan	658	592	521	620	578	510			nan
13.6	68.1	67.1	-67.1	20.7	20.7									8.9000000000000004	1	0	0	1	1.0	0.23	0.0	1.0	1.0	0.26	1578581469.2862236	100.0	23.0	0.0	100.0	100.0	26.0	657	621	630	468	532	574			nan	658	592	521	620	578	510			nan
14.8	47.1	65.9	-65.9	19.6	20.9									8.8000000000000007	1	0	0	1	1.0	0.23	0.0	1.0	1.0	0.26	1578581469.3914278	100.0	23.0	0.0	100.0	100.0	26.0	657	622	624	468	532	574			nan	658	592	517	620	578	510			nan
14.8	47.1	65.9	-65.9	19.6	20.9									8.8000000000000007	1	0	0	1	1.0	0.23	0.0	1.0	1.0	0.26	1578581469.498148	100.0	23.0	0.0	100.0	100.0	26.0	657	622	624	468	532	574			nan	658	592	517	620	578	510			nan
49.9	nan	4.6	-4.6	82.7	-13.2									5.7999999999999998	1	0	0	1	1.0	0.23	0.0	1.0	1.0	0.26	1578581469.6039405	100.0	23.0	0.0	100.0	100.0	26.0	657	639	nan	476	540	574			nan	658	588	nan	619	578	509			nan
49.9	nan	4.6	-4.6	82.7	-13.2									5.7999999999999998	1	0	0	1	1.0	0.23	0.0	1.0	1.0	0.26	1578581469.708217	100.0	23.0	0.0	100.0	100.0	26.0	657	639	nan	476	540	574			nan	658	588	nan	619	578	509			nan
49.9	nan	4.6	-4.6	82.7	-13.2									5.7999999999999998	1	0	0	1	1.0	0.23	0.0	1.0	1.0	0.26	1578581469.8127868	100.0	23.0	0.0	100.0	100.0	26.0	657	639	nan	476	540	574			nan	658	588	nan	619	578	509			nan
49.9	nan	4.6	-4.6	82.7	-13.2									5.7999999999999998	1	0	0	1	1.0	0.23	0.0	1.0	1.0	0.26	1578581469.9173255	100.0	23.0	0.0	100.0	100.0	26.0	657	639	nan	476	540	574			nan	658	588	nan	619	578	509			nan
94.5	nan	-86.0	86.0	108.4	-39.5									12.800000000000001	1	0	0	1	1.0	0.23	0.0	1.0	1.0	0.26	1578581470.0215044	100.0	23.0	0.0	100.0	100.0	26.0	657	677	nan	573	598	572			nan	658	597	nan	643	579	509			nan
94.5	nan	-86.0	86.0	108.4	-39.5									12.800000000000001	1	0	0	1	1.0	0.23	0.0	1.0	1.0	0.26	1578581470.1291854	100.0	23.0	0.0	100.0	100.0	26.0	657	677	nan	573	598	572			nan	658	597	nan	643	579	509			nan
102.0	35.0	-93.4	93.4	121.3	-40.9									15.300000000000001	1	0	0	1	1.0	0.23	0.0	1.0	1.0	0.26	1578581470.2334654	100.0	23.0	0.0	100.0	100.0	26.0	657	677	750	574	600	572			nan	658	598	582	638	577	509			nan
102.0	35.0	-93.4	93.4	121.3	-40.9									15.300000000000001	1	0	0	1	1.0	0.23	0.0	1.0	1.0	0.26	1578581470.3404362	100.0	23.0	0.0	100.0	100.0	26.0	657	677	750	574	600	572			nan	658	598	582	638	577	509			nan
104.2	34.3	-97.3	97.3	130.1	-41.8									16.600000000000001	1	0	0	1	1.0	0.23	0.0	1.0	1.0	0.26	1578581470.4446924	100.0	23.0	0.0	100.0	100.0	26.0	657	676	750	573	602	572			nan	658	599	586	635	577	509			nan
104.2	34.3	-97.3	97.3	130.1	-41.8									16.600000000000001	1	1	1	1	1.0	0.23	0.0	1.0	1.0	0.26	1578581470.5491083	100.0	23.0	0.0	100.0	100.0	26.0	657	676	750	573	602	572			nan	658	599	586	635	577	509			nan
104.2	34.3	-97.3	97.3	130.1	-41.8									16.600000000000001	1	1	1	1	1.0	0.23	0.0	1.0	1.0	0.26	1578581470.653533	100.0	23.0	0.0	100.0	100.0	26.0	657	676	750	573	602	572			nan	658	599	586	635	577	509			nan
104.2	34.3	-97.3	97.3	130.1	-41.8									16.600000000000001	1	1	1	1	1.0	0.23	0.0	1.0	1.0	0.26	1578581470.7577913	100.0	23.0	0.0	100.0	100.0	26.0	657	676	750	573	602	572			nan	658	599	586	635	577	509			nan
106.0	34.0	-98.4	98.4	134.8	-42.0									17.300000000000001	0	1	1	0	1.0	0.23	0.0	1.0	1.0	0.26	1578581470.8627312	100.0	23.0	0.0	100.0	100.0	26.0	657	677	751	573	603	572			nan	658	600	588	632	577	509			nan
106.0	34.0	-98.4	98.4	134.8	-42.0									17.300000000000001	0	1	1	0	1.0	0.23	0.0	1.0	1.0	0.26	1578581470.9688413	100.0	23.0	0.0	100.0	100.0	26.0	657	677	751	573	603	572			nan	658	600	588	632	577	509			nan
106.7	34.2	-98.5	98.5	136.7	-41.4									17.0	0	1	1	0	0.13	0.23	0.48	0.0	0.0	0.26	1578581471.0736327	100.0	23.0	0.0	100.0	100.0	26.0	657	677	751	572	602	572			nan	658	600	589	631	577	509			nan
106.7	34.2	-98.5	98.5	136.7	-41.4									17.0	0	1	1	0	0.13	0.23	0.48	0.0	0.0	0.26	1578581471.1781123	13.0	23.0	48.0	0.0	0.0	26.0	657	677	751	572	602	572			nan	658	600	589	631	577	509			nan
106.7	34.2	-98.5	98.5	136.7	-41.4									17.0	0	1	1	0	0.13	0.23	0.48	0.0	0.0	0.26	1578581471.2828312	13.0	23.0	48.0	0.0	0.0	26.0	657	677	751	572	602	572			nan	658	600	589	631	577	509			nan
106.7	34.2	-98.5	98.5	136.7	-41.4									17.0	0	1	1	0	0.13	0.23	0.48	0.0	0.0	0.26	1578581471.3874454	13.0	23.0	48.0	0.0	0.0	26.0	657	677	751	572	602	572			nan	658	600	589	631	577	509			nan
106.7	35.5	-99.0	99.0	136.7	-41.5									17.300000000000001	0	1	1	0	0.13	0.23	0.48	0.0	0.0	0.26	1578581471.4919937	13.0	23.0	48.0	0.0	0.0	26.0	657	677	752	572	603	572			nan	658	600	589	631	577	509			nan
106.7	35.5	-99.0	99.0	136.7	-41.5									17.300000000000001	0	1	1	0	0.13	0.23	0.48	0.0	0.0	0.26	1578581471.5962503	13.0	23.0	48.0	0.0	0.0	26.0	657	677	752	572	603	572			nan	658	600	589	631	577	509			nan
115.9	32.6	-96.8	96.8	130.7	9.0									21.699999999999999	0	1	1	0	0.13	0.23	0.48	0.0	0.0	0.26	1578581471.700439	13.0	23.0	48.0	0.0	0.0	26.0	659	677	752	572	604	549			nan	659	603	589	631	574	515			nan
115.9	32.6	-96.8	96.8	130.7	9.0									21.699999999999999	0	1	1	0	0.13	0.23	0.48	0.0	0.0	0.26	1578581471.8047764	13.0	23.0	48.0	0.0	0.0	26.0	659	677	752	572	604	549			nan	659	603	589	631	574	515			nan
115.9	32.6	-96.8	96.8	130.7	9.0									21.699999999999999	0	1	1	0	0.13	0.23	0.48	0.0	0.0	0.26	1578581471.9092615	13.0	23.0	48.0	0.0	0.0	26.0	659	677	752	572	604	549			nan	659	603	589	631	574	515			nan
115.9	32.6	-96.8	96.8	130.7	9.0									21.699999999999999	0	1	1	0	0.13	0.23	0.48	0.0	0.0	0.26	1578581472.0137799	13.0	23.0	48.0	0.0	0.0	26.0	659	677	752	572	604	549			nan	659	603	589	631	574	515			nan
nan	36.7	-93.2	93.2	129.7	25.5									20.5	0	1	1	0	0.13	0.23	0.48	0.0	0.0	0.26	1578581472.1189613	13.0	23.0	48.0	0.0	0.0	26.0	nan	678	752	572	603	539			nan	nan	603	589	632	575	524			nan
nan	36.7	-93.2	93.2	129.7	25.5									20.5	0	1	1	0	0.13	0.23	0.48	0.0	0.0	0.26	1578581472.2230973	13.0	23.0	48.0	0.0	0.0	26.0	nan	678	752	572	603	539			nan	nan	603	589	632	575	524			nan
nan	46.5	-50.2	50.2	76.6	nan									30.399999999999999	0	1	1	0	0.13	0.23	0.48	0.0	0.0	0.26	1578581472.3274086	13.0	23.0	48.0	0.0	0.0	26.0	nan	682	752	570	602	nan			nan	nan	614	589	633	567	nan			nan
nan	46.5	-50.2	50.2	76.6	nan									30.399999999999999	0	1	1	0	0.13	0.23	0.48	0.0	0.0	0.26	1578581472.4317355	13.0	23.0	48.0	0.0	0.0	26.0	nan	682	752	570	602	nan			nan	nan	614	589	633	567	nan			nan
nan	nan	nan	nan	nan	nan									nan	0	1	1	0	0.13	0.23	0.48	0.0	0.0	0.26	1578581472.5383832	13.0	23.0	48.0	0.0	0.0	26.0	nan	nan	755	570	nan	nan			nan	nan	nan	588	633	nan	nan			nan
nan	nan	nan	nan	nan	nan									nan	0	1	1	0	0.13	0.23	0.48	0.0	0.0	0.26	1578581472.6422787	13.0	23.0	48.0	0.0	0.0	26.0	nan	nan	755	570	nan	nan			nan	nan	nan	588	633	nan	nan			nan
nan	nan	nan	nan	25.6	24.0									nan	0	1	1	0	0.13	0.23	0.48	0.0	0.0	0.26	1578581472.7502115	13.0	23.0	48.0	0.0	0.0	26.0	nan	nan	755	571	645	703			nan	nan	nan	588	632	613	559			nan
nan	nan	nan	nan	25.6	24.0									nan	0	1	1	0	0.13	0.23	0.48	0.0	0.0	0.26	1578581472.853871	13.0	23.0	48.0	0.0	0.0	26.0	nan	nan	755	571	645	703			nan	nan	nan	588	632	613	559			nan
nan	nan	nan	nan	25.6	24.0									nan	0	1	1	0	0.13	0.23	0.48	0.0	0.0	0.26	1578581472.9574547	13.0	23.0	48.0	0.0	0.0	26.0	nan	nan	755	571	645	703			nan	nan	nan	588	632	613	559			nan
nan	nan	nan	nan	25.6	24.0									nan	0	1	1	0	0.13	0.23	0.48	0.0	0.0	0.26	1578581473.0610611	13.0	23.0	48.0	0.0	0.0	26.0	nan	nan	755	571	645	703			nan	nan	nan	588	632	613	559			nan
nan	nan	nan	nan	25.6	24.0									nan	1	1	1	1	0.13	0.23	0.48	0.0	0.0	0.26	1578581473.1641762	13.0	23.0	48.0	0.0	0.0	26.0	nan	nan	755	571	645	703			nan	nan	nan	588	632	613	559			nan
nan	nan	nan	nan	25.6	24.0									nan	1	1	1	1	0.13	0.23	0.48	0.0	0.0	0.26	1578581473.2679033	13.0	23.0	48.0	0.0	0.0	26.0	nan	nan	755	571	645	703			nan	nan	nan	588	632	613	559			nan
nan	71.7	68.2	-68.2	24.7	23.6									26.0	1	1	1	1	0.13	0.23	0.48	0.0	0.0	0.26	1578581473.3724182	13.0	23.0	48.0	0.0	0.0	26.0	nan	725	755	571	645	703			nan	nan	652	588	632	613	560			nan
nan	71.7	68.2	-68.2	24.7	23.6									26.0	1	0	0	1	0.13	0.23	0.48	0.0	0.0	0.26	1578581473.4771104	13.0	23.0	48.0	0.0	0.0	26.0	nan	725	755	571	645	703			nan	nan	652	588	632	613	560			nan
nan	71.7	68.2	-68.2	24.7	23.6									26.0	1	0	0	1	0.13	0.23	0.48	0.0	0.0	0.26	1578581473.5817008	13.0	23.0	48.0	0.0	0.0	26.0	nan	725	755	571	645	703			nan	nan	652	588	632	613	560			nan
nan	71.7	68.2	-68.2	24.7	23.6									26.0	1	0	0	1	1.0	0.23	0.0	1.0	1.0	0.26	1578581473.687299	100.0	23.0	0.0	100.0	100.0	26.0	nan	725	755	571	645	703			nan	nan	652	588	632	613	560			nan
nan	71.7	67.9	-67.9	25.3	23.8									26.0	1	0	0	1	1.0	0.23	0.0	1.0	1.0	0.26	1578581473.7915552	100.0	23.0	0.0	100.0	100.0	26.0	nan	725	755	571	645	703			nan	nan	652	588	632	613	560			nan
nan	71.7	67.9	-67.9	25.3	23.8									26.0	1	0	0	1	1.0	0.23	0.0	1.0	1.0	0.26	1578581473.8959944	100.0	23.0	0.0	100.0	100.0	26.0	nan	725	755	571	645	703			nan	nan	652	588	632	613	560			nan
nan	nan	nan	nan	25.3	23.5									nan	1	0	0	1	1.0	0.23	0.0	1.0	1.0	0.26	1578581474.0001626	100.0	23.0	0.0	100.0	100.0	26.0	nan	nan	755	571	645	703			nan	nan	nan	588	632	613	560			nan
nan	nan	nan	nan	25.3	23.5									nan	1	0	0	1	1.0	0.23	0.0	1.0	1.0	0.26	1578581474.103608	100.0	23.0	0.0	100.0	100.0	26.0	nan	nan	755	571	645	703			nan	nan	nan	588	632	613	560			nan
nan	71.8	68.5	-68.5	24.4	23.7									26.0	1	0	0	1	1.0	0.23	0.0	1.0	1.0	0.26	1578581474.2075	100.0	23.0	0.0	100.0	100.0	26.0	nan	725	755	571	645	704			nan	nan	652	589	632	613	560			nan
nan	71.8	68.5	-68.5	24.4	23.7									26.0	1	0	0	1	1.0	0.23	0.0	1.0	1.0	0.26	1578581474.3118181	100.0	23.0	0.0	100.0	100.0	26.0	nan	725	755	571	645	704			nan	nan	652	589	632	613	560			nan
nan	58.2	nan	nan	nan	nan									nan	1	0	0	1	1.0	0.23	0.0	1.0	1.0	0.26	1578581474.416353	100.0	23.0	0.0	100.0	100.0	26.0	nan	726	756	571	nan	704			nan	nan	653	587	632	nan	560			nan
nan	58.2	nan	nan	nan	nan									nan	1	0	0	1	1.0	0.23	0.0	1.0	1.0	0.26	1578581474.5199604	100.0	23.0	0.0	100.0	100.0	26.0	nan	726	756	571	nan	704			nan	nan	653	587	632	nan	560			nan
nan	58.2	nan	nan	nan	nan									nan	1	0	0	1	1.0	0.23	0.0	1.0	1.0	0.26	1578581474.6234922	100.0	23.0	0.0	100.0	100.0	26.0	nan	726	756	571	nan	704			nan	nan	653	587	632	nan	560			nan
nan	58.2	nan	nan	nan	nan									nan	1	0	0	1	1.0	0.23	0.0	1.0	1.0	0.26	1578581474.7276225	100.0	23.0	0.0	100.0	100.0	26.0	nan	726	756	571	nan	704			nan	nan	653	587	632	nan	560			nan
nan	31.9	nan	nan	nan	nan									nan	1	0	0	1	1.0	0.23	0.0	1.0	1.0	0.26	1578581474.831468	100.0	23.0	0.0	100.0	100.0	26.0	nan	727	747	570	nan	704			nan	nan	651	579	633	nan	560			nan
nan	31.9	nan	nan	nan	nan									nan	1	0	0	1	1.0	0.23	0.0	1.0	1.0	0.26	1578581474.935052	100.0	23.0	0.0	100.0	100.0	26.0	nan	727	747	570	nan	704			nan	nan	651	579	633	nan	560			nan
nan	nan	nan	nan	nan	nan									nan	1	0	0	1	1.0	0.23	0.0	1.0	1.0	0.26	1578581475.0387337	100.0	23.0	0.0	100.0	100.0	26.0	nan	753	nan	nan	nan	704			nan	nan	656	nan	nan	nan	559			nan
nan	nan	nan	nan	nan	nan									nan	1	0	0	1	1.0	0.23	0.0	1.0	1.0	0.26	1578581475.1480024	100.0	23.0	0.0	100.0	100.0	26.0	nan	753	nan	nan	nan	704			nan	nan	656	nan	nan	nan	559			nan
nan	nan	nan	nan	nan	nan									nan	1	0	0	1	1.0	0.23	0.0	1.0	1.0	0.26	1578581475.2518396	100.0	23.0	0.0	100.0	100.0	26.0	nan	753	nan	nan	nan	704			nan	nan	656	nan	nan	nan	559			nan
nan	nan	nan	nan	nan	nan									nan	1	0	0	1	1.0	0.23	0.0	1.0	1.0	0.26	1578581475.3581312	100.0	23.0	0.0	100.0	100.0	26.0	nan	753	nan	nan	nan	704			nan	nan	656	nan	nan	nan	559			nan
nan	37.6	-86.0	86.0	111.4	-40.3									29.100000000000001	1	0	0	1	1.0	0.23	0.0	1.0	1.0	0.26	1578581475.4623497	100.0	23.0	0.0	100.0	100.0	26.0	nan	774	848	661	704	702			nan	nan	672	672	685	633	559			nan
nan	37.6	-86.0	86.0	111.4	-40.3									29.100000000000001	1	0	0	1	1.0	0.23	0.0	1.0	1.0	0.26	1578581475.5669088	100.0	23.0	0.0	100.0	100.0	26.0	nan	774	848	661	704	702			nan	nan	672	672	685	633	559			nan
103.7	nan	-95.3	95.3	128.1	-41.6									32.899999999999999	1	0	0	1	1.0	0.23	0.0	1.0	1.0	0.26	1578581475.671387	100.0	23.0	0.0	100.0	100.0	26.0	739	774	nan	664	709	702			nan	725	674	nan	679	632	559			nan
103.7	nan	-95.3	95.3	128.1	-41.6									32.899999999999999	1	1	1	1	1.0	0.23	0.0	1.0	1.0	0.26	1578581475.7759364	100.0	23.0	0.0	100.0	100.0	26.0	739	774	nan	664	709	702			nan	725	674	nan	679	632	559			nan
103.7	nan	-95.3	95.3	128.1	-41.6									32.899999999999999	1	1	1	1	1.0	0.23	0.0	1.0	1.0	0.26	1578581475.8804576	100.0	23.0	0.0	100.0	100.0	26.0	739	774	nan	664	709	702			nan	725	674	nan	679	632	559			nan
103.7	nan	-95.3	95.3	128.1	-41.6									32.899999999999999	1	1	1	1	1.0	0.23	0.0	1.0	1.0	0.26	1578581475.9851978	100.0	23.0	0.0	100.0	100.0	26.0	739	774	nan	664	709	702			nan	725	674	nan	679	632	559			nan
106.6	nan	-97.5	97.5	132.4	-41.6									33.899999999999999	0	1	1	0	1.0	0.23	0.0	1.0	1.0	0.26	1578581476.0900824	100.0	23.0	0.0	100.0	100.0	26.0	738	774	nan	665	710	702			nan	725	675	nan	676	632	559			nan
106.6	nan	-97.5	97.5	132.4	-41.6									33.899999999999999	0	1	1	0	1.0	0.23	0.0	1.0	1.0	0.26	1578581476.194789	100.0	23.0	0.0	100.0	100.0	26.0	738	774	nan	665	710	702			nan	725	675	nan	676	632	559			nan
107.4	nan	-98.3	98.3	136.1	-40.3									34.299999999999997	0	1	1	0	0.13	0.23	0.48	0.0	0.0	0.26	1578581476.3007412	13.0	23.0	48.0	0.0	0.0	26.0	738	774	nan	665	711	702			nan	725	675	nan	675	632	559			nan
107.4	nan	-98.3	98.3	136.1	-40.3									34.299999999999997	0	1	1	0	0.13	0.23	0.48	0.0	0.0	0.26	1578581476.405503	13.0	23.0	48.0	0.0	0.0	26.0	738	774	nan	665	711	702			nan	725	675	nan	675	632	559			nan
107.7	nan	-98.4	98.4	136.1	-40.8									34.299999999999997	0	1	1	0	0.13	0.23	0.48	0.0	0.0	0.26	1578581476.5103493	13.0	23.0	48.0	0.0	0.0	26.0	738	774	nan	665	711	702			nan	725	675	nan	674	632	559			nan
107.7	nan	-98.4	98.4	136.1	-40.8									34.299999999999997	0	1	1	0	0.13	0.23	0.48	0.0	0.0	0.26	1578581476.6150265	13.0	23.0	48.0	0.0	0.0	26.0	738	774	nan	665	711	702			nan	725	675	nan	674	632	559			nan
107.7	nan	-98.4	98.4	136.1	-40.8									34.299999999999997	0	1	1	0	0.13	0.23	0.48	0.0	0.0	0.26	1578581476.7202733	13.0	23.0	48.0	0.0	0.0	26.0	738	774	nan	665	711	702			nan	725	675	nan	674	632	559			nan
107.7	nan	-98.4	98.4	136.1	-40.8									34.299999999999997	0	1	1	0	0.13	0.23	0.48	0.0	0.0	0.26	1578581476.8247166	13.0	23.0	48.0	0.0	0.0	26.0	738	774	nan	665	711	702			nan	725	675	nan	674	632	559			nan
107.8	36.1	-99.5	99.5	137.0	-41.0									34.299999999999997	0	1	1	0	0.13	0.23	0.48	0.0	0.0	0.26	1578581476.9289641	13.0	23.0	48.0	0.0	0.0	26.0	738	774	848	665	711	702			nan	725	675	687	674	632	559			nan
107.8	36.1	-99.5	99.5	137.0	-41.0									34.299999999999997	0	1	1	0	0.13	0.23	0.48	0.0	0.0	0.26	1578581477.0333028	13.0	23.0	48.0	0.0	0.0	26.0	738	774	848	665	711	702			nan	725	675	687	674	632	559			nan
nan	35.6	-95.0	95.0	131.9	13.2									38.100000000000001	0	1	1	0	0.13	0.23	0.48	0.0	0.0	0.26	1578581477.138719	13.0	23.0	48.0	0.0	0.0	26.0	nan	773	848	665	713	675			nan	nan	678	688	674	631	560			nan
nan	35.6	-95.0	95.0	131.9	13.2									38.100000000000001	0	1	1	0	0.13	0.23	0.48	0.0	0.0	0.26	1578581477.2444348	13.0	23.0	48.0	0.0	0.0	26.0	nan	773	848	665	713	675			nan	nan	678	688	674	631	560			nan
nan	40.2	-84.2	84.2	116.1	32.9									40.0	0	1	1	0	0.13	0.23	0.48	0.0	0.0	0.26	1578581477.3496149	13.0	23.0	48.0	0.0	0.0	26.0	nan	774	848	664	712	668			nan	nan	680	687	674	628	561			nan
nan	40.2	-84.2	84.2	116.1	32.9									40.0	0	1	1	0	0.13	0.23	0.48	0.0	0.0	0.26	1578581477.4538894	13.0	23.0	48.0	0.0	0.0	26.0	nan	774	848	664	712	668			nan	nan	680	687	674	628	561			nan
nan	40.2	-84.2	84.2	116.1	32.9									40.0	0	1	1	0	0.13	0.23	0.48	0.0	0.0	0.26	1578581477.5613022	13.0	23.0	48.0	0.0	0.0	26.0	nan	774	848	664	712	668			nan	nan	680	687	674	628	561			nan
nan	40.2	-84.2	84.2	116.1	32.9									40.0	0	1	1	0	0.13	0.23	0.48	0.0	0.0	0.26	1578581477.6655488	13.0	23.0	48.0	0.0	0.0	26.0	nan	774	848	664	712	668			nan	nan	680	687	674	628	561			nan
nan	nan	nan	nan	52.0	nan									nan	0	1	1	0	0.13	0.23	0.48	0.0	0.0	0.26	1578581477.7755415	13.0	23.0	48.0	0.0	0.0	26.0	nan	nan	849	662	721	nan			nan	nan	nan	687	675	629	nan			nan
nan	nan	nan	nan	52.0	nan									nan	0	1	1	0	0.13	0.23	0.48	0.0	0.0	0.26	1578581477.8804142	13.0	23.0	48.0	0.0	0.0	26.0	nan	nan	849	662	721	nan			nan	nan	nan	687	675	629	nan			nan
nan	nan	nan	nan	31.4	14.6									nan	0	1	1	0	0.13	0.23	0.48	0.0	0.0	0.26	1578581477.986438	13.0	23.0	48.0	0.0	0.0	26.0	805	nan	nan	664	740	812			nan	814	nan	nan	674	684	655			nan
nan	nan	nan	nan	31.4	14.6									nan	0	1	1	0	0.13	0.23	0.48	0.0	0.0	0.26	1578581478.091147	13.0	23.0	48.0	0.0	0.0	26.0	805	nan	nan	664	740	812			nan	814	nan	nan	674	684	655			nan
14.6	nan	nan	nan	nan	nan									nan	0	1	1	0	0.13	0.23	0.48	0.0	0.0	0.26	1578581478.1951478	13.0	23.0	48.0	0.0	0.0	26.0	798	804	nan	663	nan	811			nan	813	740	nan	674	nan	647			nan
14.6	nan	nan	nan	nan	nan									nan	0	1	1	0	0.13	0.23	0.48	0.0	0.0	0.26	1578581478.2990792	13.0	23.0	48.0	0.0	0.0	26.0	798	804	nan	663	nan	811			nan	813	740	nan	674	nan	647			nan
14.6	nan	nan	nan	nan	nan									nan	1	1	1	1	0.13	0.23	0.48	0.0	0.0	0.26	1578581478.4028287	13.0	23.0	48.0	0.0	0.0	26.0	798	804	nan	663	nan	811			nan	813	740	nan	674	nan	647			nan
14.6	nan	nan	nan	nan	nan									nan	1	1	1	1	0.13	0.23	0.48	0.0	0.0	0.26	1578581478.506681	13.0	23.0	48.0	0.0	0.0	26.0	798	804	nan	663	nan	811			nan	813	740	nan	674	nan	647			nan
14.0	nan	nan	nan	nan	nan									nan	1	0	0	1	0.13	0.23	0.48	0.0	0.0	0.26	1578581478.6105692	13.0	23.0	48.0	0.0	0.0	26.0	798	804	nan	663	nan	811			nan	813	739	nan	674	nan	647			nan
14.0	nan	nan	nan	nan	nan									nan	1	0	0	1	0.13	0.23	0.48	0.0	0.0	0.26	1578581478.7143111	13.0	23.0	48.0	0.0	0.0	26.0	798	804	nan	663	nan	811			nan	813	739	nan	674	nan	647			nan
14.3	nan	nan	nan	nan	nan									nan	1	0	0	1	0.13	0.23	0.48	0.0	0.0	0.26	1578581478.818207	13.0	23.0	48.0	0.0	0.0	26.0	798	804	nan	663	nan	811			nan	813	740	nan	674	nan	647			nan
14.3	nan	nan	nan	nan	nan									nan	1	0	0	1	1.0	0.23	0.0	1.0	1.0	0.26	1578581478.9217002	100.0	23.0	0.0	100.0	100.0	26.0	798	804	nan	663	nan	811			nan	813	740	nan	674	nan	647			nan
14.3	nan	nan	nan	nan	nan									nan	1	0	0	1	1.0	0.23	0.0	1.0	1.0	0.26	1578581479.0252643	100.0	23.0	0.0	100.0	100.0	26.0	798	804	nan	663	nan	811			nan	813	740	nan	674	nan	647			nan
14.3	nan	nan	nan	nan	nan									nan	1	0	0	1	1.0	0.23	0.0	1.0	1.0	0.26	1578581479.129344	100.0	23.0	0.0	100.0	100.0	26.0	798	804	nan	663	nan	811			nan	813	740	nan	674	nan	647			nan
14.3	nan	nan	nan	nan	nan									nan	1	0	0	1	1.0	0.23	0.0	1.0	1.0	0.26	1578581479.2328758	100.0	23.0	0.0	100.0	100.0	26.0	798	804	nan	663	nan	811			nan	813	740	nan	674	nan	647			nan
14.3	nan	nan	nan	nan	nan									nan	1	0	0	1	1.0	0.23	0.0	1.0	1.0	0.26	1578581479.3375041	100.0	23.0	0.0	100.0	100.0	26.0	798	804	nan	663	nan	811			nan	813	740	nan	674	nan	647			nan
nan	nan	nan	nan	29.0	nan									nan	1	0	0	1	1.0	0.23	0.0	1.0	1.0	0.26	1578581479.441426	100.0	23.0	0.0	100.0	100.0	26.0	798	nan	nan	663	740	nan			nan	813	nan	nan	674	681	nan			nan
nan	nan	nan	nan	29.0	nan									nan	1	0	0	1	1.0	0.23	0.0	1.0	1.0	0.26	1578581479.5457776	100.0	23.0	0.0	100.0	100.0	26.0	798	nan	nan	663	740	nan			nan	813	nan	nan	674	681	nan			nan
nan	nan	nan	nan	29.0	nan									nan	1	0	0	1	1.0	0.23	0.0	1.0	1.0	0.26	1578581479.6501186	100.0	23.0	0.0	100.0	100.0	26.0	798	nan	nan	663	740	nan			nan	813	nan	nan	674	681	nan			nan
nan	nan	nan	nan	29.0	nan									nan	1	0	0	1	1.0	0.23	0.0	1.0	1.0	0.26	1578581479.7536278	100.0	23.0	0.0	100.0	100.0	26.0	798	nan	nan	663	740	nan			nan	813	nan	nan	674	681	nan			nan
nan	62.6	68.5	-68.5	25.3	20.9									41.700000000000003	1	0	0	1	1.0	0.23	0.0	1.0	1.0	0.26	1578581479.8573346	100.0	23.0	0.0	100.0	100.0	26.0	nan	805	853	664	740	811			nan	nan	739	686	674	681	647			nan
nan	62.6	68.5	-68.5	25.3	20.9									41.700000000000003	1	0	0	1	1.0	0.23	0.0	1.0	1.0	0.26	1578581479.965857	100.0	23.0	0.0	100.0	100.0	26.0	nan	805	853	664	740	811			nan	nan	739	686	674	681	647			nan
21.5	38.8	59.3	-59.3	28.6	15.8									41.799999999999997	1	0	0	1	1.0	0.23	0.0	1.0	1.0	0.26	1578581480.0706606	100.0	23.0	0.0	100.0	100.0	26.0	798	807	847	663	740	811			nan	813	740	677	675	680	647			nan
21.5	38.8	59.3	-59.3	28.6	15.8									41.799999999999997	1	0	0	1	1.0	0.23	0.0	1.0	1.0	0.26	1578581480.176203	100.0	23.0	0.0	100.0	100.0	26.0	798	807	847	663	740	811			nan	813	740	677	675	680	647			nan
70.7	nan	nan	nan	nan	nan									nan	1	0	0	1	1.0	0.23	0.0	1.0	1.0	0.26	1578581480.2804773	100.0	23.0	0.0	100.0	100.0	26.0	798	835	nan	nan	nan	811			nan	813	755	nan	nan	nan	646			nan
70.7	nan	nan	nan	nan	nan									nan	1	0	0	1	1.0	0.23	0.0	1.0	1.0	0.26	1578581480.3840928	100.0	23.0	0.0	100.0	100.0	26.0	798	835	nan	nan	nan	811			nan	813	755	nan	nan	nan	646			nan
70.7	nan	nan	nan	nan	nan									nan	1	0	0	1	1.0	0.23	0.0	1.0	1.0	0.26	1578581480.4878547	100.0	23.0	0.0	100.0	100.0	26.0	798	835	nan	nan	nan	811			nan	813	755	nan	nan	nan	646			nan
70.7	nan	nan	nan	nan	nan									nan	1	0	0	1	1.0	0.23	0.0	1.0	1.0	0.26	1578581480.5917633	100.0	23.0	0.0	100.0	100.0	26.0	798	835	nan	nan	nan	811			nan	813	755	nan	nan	nan	646			nan
97.7	39.7	-88.4	88.4	119.5	-45.0									46.100000000000001	1	0	0	1	1.0	0.23	0.0	1.0	1.0	0.26	1578581480.6958382	100.0	23.0	0.0	100.0	100.0	26.0	798	845	917	736	792	810			nan	813	772	795	752	717	646			nan
97.7	39.7	-88.4	88.4	119.5	-45.0									46.100000000000001	1	0	0	1	1.0	0.23	0.0	1.0	1.0	0.26	1578581480.807105	100.0	23.0	0.0	100.0	100.0	26.0	798	845	917	736	792	810			nan	813	772	795	752	717	646			nan
103.7	38.9	nan	nan	nan	nan									nan	1	0	0	1	1.0	0.23	0.0	1.0	1.0	0.26	1578581480.9117234	100.0	23.0	0.0	100.0	100.0	26.0	798	845	915	nan	nan	810			nan	813	774	803	nan	nan	646			nan
103.7	38.9	nan	nan	nan	nan									nan	1	1	1	1	1.0	0.23	0.0	1.0	1.0	0.26	1578581481.015779	100.0	23.0	0.0	100.0	100.0	26.0	798	845	915	nan	nan	810			nan	813	774	803	nan	nan	646			nan
106.6	36.9	nan	nan	nan	nan									nan	1	1	1	1	1.0	0.23	0.0	1.0	1.0	0.26	1578581481.1204648	100.0	23.0	0.0	100.0	100.0	26.0	798	845	915	741	nan	810			nan	813	775	805	748	nan	646			nan
106.6	36.9	nan	nan	nan	nan									nan	0	1	1	0	1.0	0.23	0.0	1.0	1.0	0.26	1578581481.2244985	100.0	23.0	0.0	100.0	100.0	26.0	798	845	915	741	nan	810			nan	813	775	805	748	nan	646			nan
106.6	36.9	nan	nan	nan	nan									nan	0	1	1	0	1.0	0.23	0.0	1.0	1.0	0.26	1578581481.328714	100.0	23.0	0.0	100.0	100.0	26.0	798	845	915	741	nan	810			nan	813	775	805	748	nan	646			nan
106.6	36.9	nan	nan	nan	nan									nan	0	1	1	0	1.0	0.23	0.0	1.0	1.0	0.26	1578581481.4328363	100.0	23.0	0.0	100.0	100.0	26.0	798	845	915	741	nan	810			nan	813	775	805	748	nan	646			nan
107.3	38.9	-98.2	98.2	136.8	-43.5									49.299999999999997	0	1	1	0	0.13	0.23	0.48	0.0	0.0	0.26	1578581481.5376408	13.0	23.0	48.0	0.0	0.0	26.0	798	846	914	741	797	809			nan	813	775	806	746	718	646			nan
107.3	38.9	-98.2	98.2	136.8	-43.5									49.299999999999997	0	1	1	0	0.13	0.23	0.48	0.0	0.0	0.26	1578581481.6423042	13.0	23.0	48.0	0.0	0.0	26.0	798	846	914	741	797	809			nan	813	775	806	746	718	646			nan
107.5	39.4	nan	nan	nan	nan									nan	0	1	1	0	0.13	0.23	0.48	0.0	0.0	0.26	1578581481.7461796	13.0	23.0	48.0	0.0	0.0	26.0	798	846	914	740	nan	809			nan	813	775	807	745	nan	646			nan
107.5	39.4	nan	nan	nan	nan									nan	0	1	1	0	0.13	0.23	0.48	0.0	0.0	0.26	1578581481.8501768	13.0	23.0	48.0	0.0	0.0	26.0	798	846	914	740	nan	809			nan	813	775	807	745	nan	646			nan
nan	nan	nan	nan	nan	nan									nan	0	1	1	0	0.13	0.23	0.48	0.0	0.0	0.26	1578581481.9541147	13.0	23.0	48.0	0.0	0.0	26.0	798	nan	914	741	nan	nan			nan	813	nan	807	745	nan	nan			nan
nan	nan	nan	nan	nan	nan									nan	0	1	1	0	0.13	0.23	0.48	0.0	0.0	0.26	1578581482.0576108	13.0	23.0	48.0	0.0	0.0	26.0	798	nan	914	741	nan	nan			nan	813	nan	807	745	nan	nan			nan
nan	nan	nan	nan	nan	nan									nan	0	1	1	0	0.13	0.23	0.48	0.0	0.0	0.26	1578581482.1611755	13.0	23.0	48.0	0.0	0.0	26.0	798	nan	914	741	nan	nan			nan	813	nan	807	745	nan	nan			nan
nan	nan	nan	nan	nan	nan									nan	0	1	1	0	0.13	0.23	0.48	0.0	0.0	0.26	1578581482.2649982	13.0	23.0	48.0	0.0	0.0	26.0	798	nan	914	741	nan	nan			nan	813	nan	807	745	nan	nan			nan
133.8	39.8	-93.1	93.1	133.4	17.9									52.399999999999999	0	1	1	0	0.13	0.23	0.48	0.0	0.0	0.26	1578581482.3686516	13.0	23.0	48.0	0.0	0.0	26.0	817	845	914	741	798	778			nan	823	778	807	745	717	640			nan
133.8	39.8	-93.1	93.1	133.4	17.9									52.399999999999999	0	1	1	0	0.13	0.23	0.48	0.0	0.0	0.26	1578581482.4731107	13.0	23.0	48.0	0.0	0.0	26.0	817	845	914	741	798	778			nan	823	778	807	745	717	640			nan
133.8	39.8	-93.1	93.1	133.4	17.9									52.399999999999999	0	1	1	0	0.13	0.23	0.48	0.0	0.0	0.26	1578581482.5809991	13.0	23.0	48.0	0.0	0.0	26.0	817	845	914	741	798	778			nan	823	778	807	745	717	640			nan
nan	42.3	nan	nan	nan	nan									nan	0	1	1	0	0.13	0.23	0.48	0.0	0.0	0.26	1578581482.6856105	13.0	23.0	48.0	0.0	0.0	26.0	nan	845	914	nan	nan	775			nan	nan	779	807	nan	nan	637			nan
nan	42.3	nan	nan	nan	nan									nan	0	1	1	0	0.13	0.23	0.48	0.0	0.0	0.26	1578581482.789741	13.0	23.0	48.0	0.0	0.0	26.0	nan	845	914	nan	nan	775			nan	nan	779	807	nan	nan	637			nan
nan	42.3	nan	nan	nan	nan									nan	0	1	1	0	0.13	0.23	0.48	0.0	0.0	0.26	1578581482.893709	13.0	23.0	48.0	0.0	0.0	26.0	nan	845	914	nan	nan	775			nan	nan	779	807	nan	nan	637			nan
nan	42.3	nan	nan	nan	nan									nan	0	1	1	0	0.13	0.23	0.48	0.0	0.0	0.26	1578581482.997752	13.0	23.0	48.0	0.0	0.0	26.0	nan	845	914	nan	nan	775			nan	nan	779	807	nan	nan	637			nan
nan	nan	nan	nan	35.5	nan									nan	0	1	1	0	0.13	0.23	0.48	0.0	0.0	0.26	1578581483.1016998	13.0	23.0	48.0	0.0	0.0	26.0	nan	nan	917	740	810	nan			nan	nan	nan	807	745	777	nan			nan
nan	nan	nan	nan	35.5	nan									nan	0	1	1	0	0.13	0.23	0.48	0.0	0.0	0.26	1578581483.2056086	13.0	23.0	48.0	0.0	0.0	26.0	nan	nan	917	740	810	nan			nan	nan	nan	807	745	777	nan			nan
nan	nan	71.3	-71.3	33.1	22.0									56.5	0	1	1	0	0.13	0.23	0.48	0.0	0.0	0.26	1578581483.3095279	13.0	23.0	48.0	0.0	0.0	26.0	nan	858	nan	740	811	887			nan	nan	845	nan	745	774	757			nan
nan	nan	71.3	-71.3	33.1	22.0									56.5	0	1	1	0	0.13	0.23	0.48	0.0	0.0	0.26	1578581483.4184706	13.0	23.0	48.0	0.0	0.0	26.0	nan	858	nan	740	811	887			nan	nan	845	nan	745	774	757			nan
nan	nan	71.3	-71.3	33.1	22.0									56.5	0	1	1	0	0.13	0.23	0.48	0.0	0.0	0.26	1578581483.5233006	13.0	23.0	48.0	0.0	0.0	26.0	nan	858	nan	740	811	887			nan	nan	845	nan	745	774	757			nan
nan	nan	71.3	-71.3	33.1	22.0									56.5	1	1	1	1	0.13	0.23	0.48	0.0	0.0	0.26	1578581483.6275656	13.0	23.0	48.0	0.0	0.0	26.0	nan	858	nan	740	811	887			nan	nan	845	nan	745	774	757			nan
nan	nan	71.3	-71.3	33.1	22.0									56.5	1	1	1	1	0.13	0.23	0.48	0.0	0.0	0.26	1578581483.733179	13.0	23.0	48.0	0.0	0.0	26.0	nan	858	nan	740	811	887			nan	nan	845	nan	745	774	757			nan
nan	nan	71.3	-71.3	33.1	22.0									56.5	1	0	0	1	0.13	0.23	0.48	0.0	0.0	0.26	1578581483.8379445	13.0	23.0	48.0	0.0	0.0	26.0	nan	858	nan	740	811	887			nan	nan	845	nan	745	774	757			nan
nan	80.7	71.2	-71.2	33.0	21.4									55.899999999999999	1	0	0	1	0.13	0.23	0.48	0.0	0.0	0.26	1578581483.9429207	13.0	23.0	48.0	0.0	0.0	26.0	nan	859	917	740	811	887			nan	nan	845	807	745	774	758			nan
nan	80.7	71.2	-71.2	33.0	21.4									55.899999999999999	1	0	0	1	0.13	0.23	0.48	0.0	0.0	0.26	1578581484.0476842	13.0	23.0	48.0	0.0	0.0	26.0	nan	859	917	740	811	887			nan	nan	845	807	745	774	758			nan
nan	80.7	71.2	-71.2	33.0	21.4									55.899999999999999	1	0	0	1	1.0	0.23	0.0	1.0	1.0	0.26	1578581484.1524212	100.0	23.0	0.0	100.0	100.0	26.0	nan	859	917	740	811	887			nan	nan	845	807	745	774	758			nan
nan	80.7	71.2	-71.2	33.0	21.4									55.899999999999999	1	0	0	1	1.0	0.23	0.0	1.0	1.0	0.26	1578581484.2570043	100.0	23.0	0.0	100.0	100.0	26.0	nan	859	917	740	811	887			nan	nan	845	807	745	774	758			nan
nan	80.6	71.2	-71.2	32.9	21.5									55.899999999999999	1	0	0	1	1.0	0.23	0.0	1.0	1.0	0.26	1578581484.362901	100.0	23.0	0.0	100.0	100.0	26.0	nan	859	917	740	811	887			nan	nan	845	807	745	774	758			nan
nan	80.6	71.2	-71.2	32.9	21.5									55.899999999999999	1	0	0	1	1.0	0.23	0.0	1.0	1.0	0.26	1578581484.4672692	100.0	23.0	0.0	100.0	100.0	26.0	nan	859	917	740	811	887			nan	nan	845	807	745	774	758			nan
nan	80.6	71.6	-71.6	33.1	21.3									56.5	1	0	0	1	1.0	0.23	0.0	1.0	1.0	0.26	1578581484.5715022	100.0	23.0	0.0	100.0	100.0	26.0	nan	858	917	740	811	888			nan	nan	845	807	745	774	758			nan
nan	80.6	71.6	-71.6	33.1	21.3									56.5	1	0	0	1	1.0	0.23	0.0	1.0	1.0	0.26	1578581484.675474	100.0	23.0	0.0	100.0	100.0	26.0	nan	858	917	740	811	888			nan	nan	845	807	745	774	758			nan
nan	52.6	69.8	-69.8	25.8	21.5									56.299999999999997	1	0	0	1	1.0	0.23	0.0	1.0	1.0	0.26	1578581484.786948	100.0	23.0	0.0	100.0	100.0	26.0	nan	859	915	740	811	888			nan	nan	846	799	746	774	759			nan
nan	52.6	69.8	-69.8	25.8	21.5									56.299999999999997	1	0	0	1	1.0	0.23	0.0	1.0	1.0	0.26	1578581484.8927271	100.0	23.0	0.0	100.0	100.0	26.0	nan	859	915	740	811	888			nan	nan	846	799	746	774	759			nan
nan	52.6	69.8	-69.8	25.8	21.5									56.299999999999997	1	0	0	1	1.0	0.23	0.0	1.0	1.0	0.26	1578581484.996871	100.0	23.0	0.0	100.0	100.0	26.0	nan	859	915	740	811	888			nan	nan	846	799	746	774	759			nan
nan	52.6	69.8	-69.8	25.8	21.5									56.299999999999997	1	0	0	1	1.0	0.23	0.0	1.0	1.0	0.26	1578581485.1014323	100.0	23.0	0.0	100.0	100.0	26.0	nan	859	915	740	811	888			nan	nan	846	799	746	774	759			nan
nan	52.6	69.8	-69.8	25.8	21.5									56.299999999999997	1	0	0	1	1.0	0.23	0.0	1.0	1.0	0.26	1578581485.2071626	100.0	23.0	0.0	100.0	100.0	26.0	nan	859	915	740	811	888			nan	nan	846	799	746	774	759			nan
nan	52.6	69.8	-69.8	25.8	21.5									56.299999999999997	1	0	0	1	1.0	0.23	0.0	1.0	1.0	0.26	1578581485.3118317	100.0	23.0	0.0	100.0	100.0	26.0	nan	859	915	740	811	888			nan	nan	846	799	746	774	759			nan
nan	nan	nan	nan	nan	nan									nan	1	0	0	1	1.0	0.23	0.0	1.0	1.0	0.26	1578581485.4163105	100.0	23.0	0.0	100.0	100.0	26.0	nan	869	nan	741	nan	888			nan	nan	851	nan	751	nan	759			nan
nan	nan	nan	nan	nan	nan									nan	1	0	0	1	1.0	0.23	0.0	1.0	1.0	0.26	1578581485.520609	100.0	23.0	0.0	100.0	100.0	26.0	nan	869	nan	741	nan	888			nan	nan	851	nan	751	nan	759			nan
nan	nan	nan	nan	nan	nan									nan	1	0	0	1	1.0	0.23	0.0	1.0	1.0	0.26	1578581485.6239438	100.0	23.0	0.0	100.0	100.0	26.0	nan	nan	nan	nan	nan	887			nan	nan	nan	nan	nan	nan	757			nan
nan	nan	nan	nan	nan	nan									nan	1	0	0	1	1.0	0.23	0.0	1.0	1.0	0.26	1578581485.7280066	100.0	23.0	0.0	100.0	100.0	26.0	nan	nan	nan	nan	nan	887			nan	nan	nan	nan	nan	nan	757			nan
nan	nan	nan	nan	nan	nan									nan	1	0	0	1	1.0	0.23	0.0	1.0	1.0	0.26	1578581485.8324585	100.0	23.0	0.0	100.0	100.0	26.0	nan	891	nan	789	nan	887			nan	nan	887	nan	840	nan	757			nan
nan	nan	nan	nan	nan	nan									nan	1	0	0	1	1.0	0.23	0.0	1.0	1.0	0.26	1578581485.936135	100.0	23.0	0.0	100.0	100.0	26.0	nan	891	nan	789	nan	887			nan	nan	887	nan	840	nan	757			nan
nan	nan	nan	nan	nan	nan									nan	1	0	0	1	1.0	0.23	0.0	1.0	1.0	0.26	1578581486.0399685	100.0	23.0	0.0	100.0	100.0	26.0	nan	891	nan	789	nan	887			nan	nan	887	nan	840	nan	757			nan
nan	nan	nan	nan	nan	nan									nan	1	0	0	1	1.0	0.23	0.0	1.0	1.0	0.26	1578581486.1439779	100.0	23.0	0.0	100.0	100.0	26.0	nan	891	nan	789	nan	887			nan	nan	887	nan	840	nan	757			nan
nan	40.4	-94.0	94.0	128.8	-44.2									62.700000000000003	1	1	1	1	1.0	0.23	0.0	1.0	1.0	0.26	1578581486.2484684	100.0	23.0	0.0	100.0	100.0	26.0	nan	890	951	794	856	886			nan	nan	889	935	839	823	757			nan
nan	40.4	-94.0	94.0	128.8	-44.2									62.700000000000003	1	1	1	1	1.0	0.23	0.0	1.0	1.0	0.26	1578581486.3536134	100.0	23.0	0.0	100.0	100.0	26.0	nan	890	951	794	856	886			nan	nan	889	935	839	823	757			nan
nan	nan	-97.1	97.1	134.7	-44.6									63.799999999999997	0	1	1	0	1.0	0.23	0.0	1.0	1.0	0.26	1578581486.4582522	100.0	23.0	0.0	100.0	100.0	26.0	nan	890	nan	795	857	886			nan	nan	890	nan	837	823	757			nan
nan	nan	-97.1	97.1	134.7	-44.6									63.799999999999997	0	1	1	0	1.0	0.23	0.0	1.0	1.0	0.26	1578581486.5655508	100.0	23.0	0.0	100.0	100.0	26.0	nan	890	nan	795	857	886			nan	nan	890	nan	837	823	757			nan
nan	nan	-97.1	97.1	134.7	-44.6									63.799999999999997	0	1	1	0	1.0	0.23	0.0	1.0	1.0	0.26	1578581486.6698387	100.0	23.0	0.0	100.0	100.0	26.0	nan	890	nan	795	857	886			nan	nan	890	nan	837	823	757			nan
nan	nan	-97.1	97.1	134.7	-44.6									63.799999999999997	0	1	1	0	0.13	0.23	0.48	0.0	0.0	0.26	1578581486.7752125	13.0	23.0	48.0	0.0	0.0	26.0	nan	890	nan	795	857	886			nan	nan	890	nan	837	823	757			nan
nan	39.3	nan	nan	nan	nan									nan	0	1	1	0	0.13	0.23	0.48	0.0	0.0	0.26	1578581486.879164	13.0	23.0	48.0	0.0	0.0	26.0	nan	890	950	796	nan	886			nan	nan	890	938	837	nan	757			nan
nan	39.3	nan	nan	nan	nan									nan	0	1	1	0	0.13	0.23	0.48	0.0	0.0	0.26	1578581486.9827297	13.0	23.0	48.0	0.0	0.0	26.0	nan	890	950	796	nan	886			nan	nan	890	938	837	nan	757			nan
nan	nan	-97.2	97.2	136.9	-44.2									63.399999999999999	0	1	1	0	0.13	0.23	0.48	0.0	0.0	0.26	1578581487.0868518	13.0	23.0	48.0	0.0	0.0	26.0	nan	890	nan	796	857	886			nan	nan	890	nan	836	824	757			nan
nan	nan	-97.2	97.2	136.9	-44.2									63.399999999999999	0	1	1	0	0.13	0.23	0.48	0.0	0.0	0.26	1578581487.1974998	13.0	23.0	48.0	0.0	0.0	26.0	nan	890	nan	796	857	886			nan	nan	890	nan	836	824	757			nan
nan	nan	nan	nan	nan	nan									nan	0	1	1	0	0.13	0.23	0.48	0.0	0.0	0.26	1578581487.3017013	13.0	23.0	48.0	0.0	0.0	26.0	nan	nan	950	796	nan	nan			nan	nan	nan	938	836	nan	nan			nan
nan	nan	nan	nan	nan	nan									nan	0	1	1	0	0.13	0.23	0.48	0.0	0.0	0.26	1578581487.4055316	13.0	23.0	48.0	0.0	0.0	26.0	nan	nan	950	796	nan	nan			nan	nan	nan	938	836	nan	nan			nan
nan	nan	nan	nan	nan	nan									nan	0	1	1	0	0.13	0.23	0.48	0.0	0.0	0.26	1578581487.5092442	13.0	23.0	48.0	0.0	0.0	26.0	nan	nan	950	796	nan	nan			nan	nan	nan	938	836	nan	nan			nan
nan	nan	nan	nan	nan	nan									nan	0	1	1	0	0.13	0.23	0.48	0.0	0.0	0.26	1578581487.6130054	13.0	23.0	48.0	0.0	0.0	26.0	nan	nan	950	796	nan	nan			nan	nan	nan	938	836	nan	nan			nan
nan	40.2	-93.0	93.0	131.4	20.7									66.5	0	1	1	0	0.13	0.23	0.48	0.0	0.0	0.26	1578581487.7170181	13.0	23.0	48.0	0.0	0.0	26.0	nan	889	950	796	859	855			nan	nan	892	938	836	823	743			nan
nan	40.2	-93.0	93.0	131.4	20.7									66.5	0	1	1	0	0.13	0.23	0.48	0.0	0.0	0.26	1578581487.8212686	13.0	23.0	48.0	0.0	0.0	26.0	nan	889	950	796	859	855			nan	nan	892	938	836	823	743			nan
nan	nan	nan	nan	nan	nan									nan	0	1	1	0	0.13	0.23	0.48	0.0	0.0	0.26	1578581487.9254806	13.0	23.0	48.0	0.0	0.0	26.0	nan	nan	950	794	nan	nan			nan	nan	nan	938	835	nan	nan			nan
nan	nan	nan	nan	nan	nan									nan	0	1	1	0	0.13	0.23	0.48	0.0	0.0	0.26	1578581488.032269	13.0	23.0	48.0	0.0	0.0	26.0	nan	nan	950	794	nan	nan			nan	nan	nan	938	835	nan	nan			nan
nan	nan	nan	nan	nan	nan									nan	0	1	1	0	0.13	0.23	0.48	0.0	0.0	0.26	1578581488.135869	13.0	23.0	48.0	0.0	0.0	26.0	nan	nan	nan	793	nan	nan			nan	nan	nan	nan	835	nan	nan			nan
nan	nan	nan	nan	nan	nan									nan	0	1	1	0	0.13	0.23	0.48	0.0	0.0	0.26	1578581488.2394106	13.0	23.0	48.0	0.0	0.0	26.0	nan	nan	nan	793	nan	nan			nan	nan	nan	nan	835	nan	nan			nan
nan	nan	nan	nan	nan	nan									nan	0	1	1	0	0.13	0.23	0.48	0.0	0.0	0.26	1578581488.3431273	13.0	23.0	48.0	0.0	0.0	26.0	nan	nan	nan	793	nan	nan			nan	nan	nan	nan	835	nan	nan			nan
nan	nan	nan	nan	nan	nan									nan	0	1	1	0	0.13	0.23	0.48	0.0	0.0	0.26	1578581488.4466736	13.0	23.0	48.0	0.0	0.0	26.0	nan	nan	nan	793	nan	nan			nan	nan	nan	nan	835	nan	nan			nan
15.6	nan	71.6	-71.6	35.2	20.0									69.200000000000003	0	1	1	0	0.13	0.23	0.48	0.0	0.0	0.26	1578581488.5516424	13.0	23.0	48.0	0.0	0.0	26.0	849	887	nan	795	857	935			nan	1027	962	nan	836	883	885			nan
15.6	nan	71.6	-71.6	35.2	20.0									69.200000000000003	0	1	1	0	0.13	0.23	0.48	0.0	0.0	0.26	1578581488.6561708	13.0	23.0	48.0	0.0	0.0	26.0	849	887	nan	795	857	935			nan	1027	962	nan	836	883	885			nan
15.6	nan	71.6	-71.6	35.2	20.0									69.200000000000003	0	1	1	0	0.13	0.23	0.48	0.0	0.0	0.26	1578581488.760618	13.0	23.0	48.0	0.0	0.0	26.0	849	887	nan	795	857	935			nan	1027	962	nan	836	883	885			nan
15.6	nan	71.6	-71.6	35.2	20.0									69.200000000000003	1	1	1	1	0.13	0.23	0.48	0.0	0.0	0.26	1578581488.8657439	13.0	23.0	48.0	0.0	0.0	26.0	849	887	nan	795	857	935			nan	1027	962	nan	836	883	885			nan
15.6	nan	71.6	-71.6	35.2	20.0									69.200000000000003	1	1	1	1	0.13	0.23	0.48	0.0	0.0	0.26	1578581488.9699147	13.0	23.0	48.0	0.0	0.0	26.0	849	887	nan	795	857	935			nan	1027	962	nan	836	883	885			nan
15.6	nan	71.6	-71.6	35.2	20.0									69.200000000000003	1	0	0	1	0.13	0.23	0.48	0.0	0.0	0.26	1578581489.0743215	13.0	23.0	48.0	0.0	0.0	26.0	849	887	nan	795	857	935			nan	1027	962	nan	836	883	885			nan
14.4	nan	72.1	-72.1	35.1	19.1									69.200000000000003	1	0	0	1	0.13	0.23	0.48	0.0	0.0	0.26	1578581489.1794274	13.0	23.0	48.0	0.0	0.0	26.0	849	887	nan	795	857	935			nan	1027	962	nan	836	883	885			nan
14.4	nan	72.1	-72.1	35.1	19.1									69.200000000000003	1	0	0	1	0.13	0.23	0.48	0.0	0.0	0.26	1578581489.2840767	13.0	23.0	48.0	0.0	0.0	26.0	849	887	nan	795	857	935			nan	1027	962	nan	836	883	885			nan
14.3	nan	72.3	-72.3	34.8	19.6									69.200000000000003	1	0	0	1	1.0	0.23	0.0	1.0	1.0	0.26	1578581489.3887835	100.0	23.0	0.0	100.0	100.0	26.0	849	887	nan	795	857	935			nan	1027	962	nan	836	883	885			nan
14.3	nan	72.3	-72.3	34.8	19.6									69.200000000000003	1	0	0	1	1.0	0.23	0.0	1.0	1.0	0.26	1578581489.4938474	100.0	23.0	0.0	100.0	100.0	26.0	849	887	nan	795	857	935			nan	1027	962	nan	836	883	885			nan
14.3	nan	72.3	-72.3	34.8	19.6									69.200000000000003	1	0	0	1	1.0	0.23	0.0	1.0	1.0	0.26	1578581489.599713	100.0	23.0	0.0	100.0	100.0	26.0	849	887	nan	795	857	935			nan	1027	962	nan	836	883	885			nan
14.3	nan	72.3	-72.3	34.8	19.6									69.200000000000003	1	0	0	1	1.0	0.23	0.0	1.0	1.0	0.26	1578581489.703975	100.0	23.0	0.0	100.0	100.0	26.0	849	887	nan	795	857	935			nan	1027	962	nan	836	883	885			nan
14.3	nan	72.3	-72.3	34.8	19.6									69.200000000000003	1	0	0	1	1.0	0.23	0.0	1.0	1.0	0.26	1578581489.8091817	100.0	23.0	0.0	100.0	100.0	26.0	849	887	nan	795	857	935			nan	1027	962	nan	836	883	885			nan
14.3	nan	72.3	-72.3	34.8	19.6									69.200000000000003	1	0	0	1	1.0	0.23	0.0	1.0	1.0	0.26	1578581489.9135928	100.0	23.0	0.0	100.0	100.0	26.0	849	887	nan	795	857	935			nan	1027	962	nan	836	883	885			nan
13.8	nan	72.1	-72.1	34.9	19.0									69.200000000000003	1	0	0	1	1.0	0.23	0.0	1.0	1.0	0.26	1578581490.0178976	100.0	23.0	0.0	100.0	100.0	26.0	849	887	nan	795	857	935			nan	1026	962	nan	836	883	885			nan
13.8	nan	72.1	-72.1	34.9	19.0									69.200000000000003	1	0	0	1	1.0	0.23	0.0	1.0	1.0	0.26	1578581490.1227372	100.0	23.0	0.0	100.0	100.0	26.0	849	887	nan	795	857	935			nan	1026	962	nan	836	883	885			nan
13.8	nan	72.1	-72.1	34.9	19.0									69.200000000000003	1	0	0	1	1.0	0.23	0.0	1.0	1.0	0.26	1578581490.2324789	100.0	23.0	0.0	100.0	100.0	26.0	849	887	nan	795	857	935			nan	1026	962	nan	836	883	885			nan
13.8	nan	72.1	-72.1	34.9	19.0									69.200000000000003	1	0	0	1	1.0	0.23	0.0	1.0	1.0	0.26	1578581490.3366377	100.0	23.0	0.0	100.0	100.0	26.0	849	887	nan	795	857	935			nan	1026	962	nan	836	883	885			nan
15.8	60.9	70.6	-70.6	28.8	20.1									68.599999999999994	1	0	0	1	1.0	0.23	0.0	1.0	1.0	0.26	1578581490.441912	100.0	23.0	0.0	100.0	100.0	26.0	849	888	955	795	857	935			nan	1027	962	936	837	883	885			nan
15.8	60.9	70.6	-70.6	28.8	20.1									68.599999999999994	1	0	0	1	1.0	0.23	0.0	1.0	1.0	0.26	1578581490.5473082	100.0	23.0	0.0	100.0	100.0	26.0	849	888	955	795	857	935			nan	1027	962	936	837	883	885			nan
85.8	nan	nan	nan	nan	nan									nan	1	0	0	1	1.0	0.23	0.0	1.0	1.0	0.26	1578581490.651472	100.0	23.0	0.0	100.0	100.0	26.0	849	911	nan	nan	nan	934			nan	1027	1005	nan	nan	nan	884			nan
85.8	nan	nan	nan	nan	nan									nan	1	0	0	1	1.0	0.23	0.0	1.0	1.0	0.26	1578581490.755128	100.0	23.0	0.0	100.0	100.0	26.0	849	911	nan	nan	nan	934			nan	1027	1005	nan	nan	nan	884			nan
85.8	nan	nan	nan	nan	nan									nan	1	0	0	1	1.0	0.23	0.0	1.0	1.0	0.26	1578581490.8590403	100.0	23.0	0.0	100.0	100.0	26.0	849	911	nan	nan	nan	934			nan	1027	1005	nan	nan	nan	884			nan
85.8	nan	nan	nan	nan	nan									nan	1	0	0	1	1.0	0.23	0.0	1.0	1.0	0.26	1578581490.9629624	100.0	23.0	0.0	100.0	100.0	26.0	849	911	nan	nan	nan	934			nan	1027	1005	nan	nan	nan	884			nan
96.9	39.1	-86.1	86.1	119.6	-46.0									71.799999999999997	1	0	0	1	1.0	0.23	0.0	1.0	1.0	0.26	1578581491.066928	100.0	23.0	0.0	100.0	100.0	26.0	849	910	968	819	886	934			nan	1027	1010	1061	941	937	884			nan
96.9	39.1	-86.1	86.1	119.6	-46.0									71.799999999999997	1	0	0	1	1.0	0.23	0.0	1.0	1.0	0.26	1578581491.1715164	100.0	23.0	0.0	100.0	100.0	26.0	849	910	968	819	886	934			nan	1027	1010	1061	941	937	884			nan
96.9	39.1	-86.1	86.1	119.6	-46.0									71.799999999999997	1	0	0	1	1.0	0.23	0.0	1.0	1.0	0.26	1578581491.275803	100.0	23.0	0.0	100.0	100.0	26.0	849	910	968	819	886	934			nan	1027	1010	1061	941	937	884			nan
96.9	39.1	-86.1	86.1	119.6	-46.0									71.799999999999997	1	1	1	1	1.0	0.23	0.0	1.0	1.0	0.26	1578581491.3805017	100.0	23.0	0.0	100.0	100.0	26.0	849	910	968	819	886	934			nan	1027	1010	1061	941	937	884			nan
102.9	40.8	-93.7	93.7	130.8	-46.5									74.5	1	1	1	1	1.0	0.23	0.0	1.0	1.0	0.26	1578581491.4848964	100.0	23.0	0.0	100.0	100.0	26.0	849	909	960	825	889	934			nan	1027	1012	1070	941	940	883			nan
102.9	40.8	-93.7	93.7	130.8	-46.5									74.5	1	1	1	1	1.0	0.23	0.0	1.0	1.0	0.26	1578581491.5895493	100.0	23.0	0.0	100.0	100.0	26.0	849	909	960	825	889	934			nan	1027	1012	1070	941	940	883			nan
104.6	40.1	-95.2	95.2	134.2	-45.0									75.0	0	1	1	0	1.0	0.23	0.0	1.0	1.0	0.26	1578581491.6939175	100.0	23.0	0.0	100.0	100.0	26.0	849	909	959	827	890	934			nan	1027	1012	1071	941	941	883			nan
104.6	40.1	-95.2	95.2	134.2	-45.0									75.0	0	1	1	0	1.0	0.23	0.0	1.0	1.0	0.26	1578581491.799095	100.0	23.0	0.0	100.0	100.0	26.0	849	909	959	827	890	934			nan	1027	1012	1071	941	941	883			nan
104.6	40.1	-95.2	95.2	134.2	-45.0									75.0	0	1	1	0	1.0	0.23	0.0	1.0	1.0	0.26	1578581491.9037206	100.0	23.0	0.0	100.0	100.0	26.0	849	909	959	827	890	934			nan	1027	1012	1071	941	941	883			nan
104.6	40.1	-95.2	95.2	134.2	-45.0									75.0	0	1	1	0	0.13	0.23	0.48	0.0	0.0	0.26	1578581492.008907	13.0	23.0	48.0	0.0	0.0	26.0	849	909	959	827	890	934			nan	1027	1012	1071	941	941	883			nan
105.1	40.7	nan	nan	nan	nan									nan	0	1	1	0	0.13	0.23	0.48	0.0	0.0	0.26	1578581492.112826	13.0	23.0	48.0	0.0	0.0	26.0	849	909	958	827	nan	934			nan	1027	1013	1073	940	nan	883			nan
105.1	40.7	nan	nan	nan	nan									nan	0	1	1	0	0.13	0.23	0.48	0.0	0.0	0.26	1578581492.2171433	13.0	23.0	48.0	0.0	0.0	26.0	849	909	958	827	nan	934			nan	1027	1013	1073	940	nan	883			nan
105.1	40.6	-96.7	96.7	138.0	-45.8									75.0	0	1	1	0	0.13	0.23	0.48	0.0	0.0	0.26	1578581492.3213193	13.0	23.0	48.0	0.0	0.0	26.0	849	909	958	827	890	934			nan	1027	1013	1073	939	942	883			nan
105.1	40.6	-96.7	96.7	138.0	-45.8									75.0	0	1	1	0	0.13	0.23	0.48	0.0	0.0	0.26	1578581492.4284809	13.0	23.0	48.0	0.0	0.0	26.0	849	909	958	827	890	934			nan	1027	1013	1073	939	942	883			nan
112.5	37.8	-95.8	95.8	131.7	8.8									79.900000000000006	0	1	1	0	0.13	0.23	0.48	0.0	0.0	0.26	1578581492.5329242	13.0	23.0	48.0	0.0	0.0	26.0	848	906	958	828	893	915			nan	1027	1014	1072	939	941	864			nan
112.5	37.8	-95.8	95.8	131.7	8.8									79.900000000000006	0	1	1	0	0.13	0.23	0.48	0.0	0.0	0.26	1578581492.6403558	13.0	23.0	48.0	0.0	0.0	26.0	848	906	958	828	893	915			nan	1027	1014	1072	939	941	864			nan
112.5	37.8	-95.8	95.8	131.7	8.8									79.900000000000006	0	1	1	0	0.13	0.23	0.48	0.0	0.0	0.26	1578581492.745601	13.0	23.0	48.0	0.0	0.0	26.0	848	906	958	828	893	915			nan	1027	1014	1072	939	941	864			nan
112.5	37.8	-95.8	95.8	131.7	8.8									79.900000000000006	0	1	1	0	0.13	0.23	0.48	0.0	0.0	0.26	1578581492.849783	13.0	23.0	48.0	0.0	0.0	26.0	848	906	958	828	893	915			nan	1027	1014	1072	939	941	864			nan
nan	42.4	-90.5	90.5	130.7	18.7									78.5	0	1	1	0	0.13	0.23	0.48	0.0	0.0	0.26	1578581492.9542768	13.0	23.0	48.0	0.0	0.0	26.0	nan	907	958	827	892	907			nan	nan	1015	1072	939	941	862			nan
nan	42.4	-90.5	90.5	130.7	18.7									78.5	0	1	1	0	0.13	0.23	0.48	0.0	0.0	0.26	1578581493.0599113	13.0	23.0	48.0	0.0	0.0	26.0	nan	907	958	827	892	907			nan	nan	1015	1072	939	941	862			nan
66.3	52.0	nan	nan	nan	nan									nan	0	1	1	0	0.13	0.23	0.48	0.0	0.0	0.26	1578581493.1642578	13.0	23.0	48.0	0.0	0.0	26.0	835	903	958	825	nan	nan			nan	1031	1020	1073	938	nan	nan			nan
66.3	52.0	nan	nan	nan	nan									nan	0	1	1	0	0.13	0.23	0.48	0.0	0.0	0.26	1578581493.2682078	13.0	23.0	48.0	0.0	0.0	26.0	835	903	958	825	nan	nan			nan	1031	1020	1073	938	nan	nan			nan
nan	nan	nan	nan	nan	nan									nan	0	1	1	0	0.13	0.23	0.48	0.0	0.0	0.26	1578581493.3720133	13.0	23.0	48.0	0.0	0.0	26.0	nan	nan	959	825	nan	nan			nan	nan	nan	1073	938	nan	nan			nan
nan	nan	nan	nan	nan	nan									nan	0	1	1	0	0.13	0.23	0.48	0.0	0.0	0.26	1578581493.4757154	13.0	23.0	48.0	0.0	0.0	26.0	nan	nan	959	825	nan	nan			nan	nan	nan	1073	938	nan	nan			nan
nan	nan	nan	nan	nan	nan									nan	0	1	1	0	0.13	0.23	0.48	0.0	0.0	0.26	1578581493.5792546	13.0	23.0	48.0	0.0	0.0	26.0	nan	nan	959	825	nan	nan			nan	nan	nan	1073	938	nan	nan			nan
nan	nan	nan	nan	nan	nan									nan	0	1	1	0	0.13	0.23	0.48	0.0	0.0	0.26	1578581493.682806	13.0	23.0	48.0	0.0	0.0	26.0	nan	nan	959	825	nan	nan			nan	nan	nan	1073	938	nan	nan			nan
nan	nan	nan	nan	nan	nan									nan	0	1	1	0	0.13	0.23	0.48	0.0	0.0	0.26	1578581493.7869627	13.0	23.0	48.0	0.0	0.0	26.0	nan	nan	959	825	nan	nan			nan	nan	nan	1073	938	nan	nan			nan
nan	nan	nan	nan	nan	nan									nan	0	1	1	0	0.13	0.23	0.48	0.0	0.0	0.26	1578581493.890762	13.0	23.0	48.0	0.0	0.0	26.0	nan	nan	959	825	nan	nan			nan	nan	nan	1073	938	nan	nan			nan
16.0	88.5	nan	nan	nan	nan									nan	1	1	1	1	0.13	0.23	0.48	0.0	0.0	0.26	1578581493.9944322	13.0	23.0	48.0	0.0	0.0	26.0	840	891	960	827	nan	954			nan	1137	1081	1074	939	nan	1018			nan
16.0	88.5	nan	nan	nan	nan									nan	1	1	1	1	0.13	0.23	0.48	0.0	0.0	0.26	1578581494.098427	13.0	23.0	48.0	0.0	0.0	26.0	840	891	960	827	nan	954			nan	1137	1081	1074	939	nan	1018			nan
14.6	89.7	73.0	-73.0	34.3	16.9									81.200000000000003	1	1	1	1	0.13	0.23	0.48	0.0	0.0	0.26	1578581494.2030978	13.0	23.0	48.0	0.0	0.0	26.0	840	891	960	827	878	953			nan	1137	1082	1074	939	998	1018			nan
14.6	89.7	73.0	-73.0	34.3	16.9									81.200000000000003	1	0	0	1	0.13	0.23	0.48	0.0	0.0	0.26	1578581494.3073902	13.0	23.0	48.0	0.0	0.0	26.0	840	891	960	827	878	953			nan	1137	1082	1074	939	998	1018			nan
14.6	89.7	73.0	-73.0	34.3	16.9									81.200000000000003	1	0	0	1	0.13	0.23	0.48	0.0	0.0	0.26	1578581494.411727	13.0	23.0	48.0	0.0	0.0	26.0	840	891	960	827	878	953			nan	1137	1082	1074	939	998	1018			nan
14.6	89.7	73.0	-73.0	34.3	16.9									81.200000000000003	1	0	0	1	0.13	0.23	0.48	0.0	0.0	0.26	1578581494.5162654	13.0	23.0	48.0	0.0	0.0	26.0	840	891	960	827	878	953			nan	1137	1082	1074	939	998	1018			nan
13.7	90.1	73.4	-73.4	34.1	18.9									81.200000000000003	1	0	0	1	1.0	0.23	0.0	1.0	1.0	0.26	1578581494.6211903	100.0	23.0	0.0	100.0	100.0	26.0	840	891	960	827	878	953			nan	1137	1082	1074	939	998	1018			nan
13.7	90.1	73.4	-73.4	34.1	18.9									81.200000000000003	1	0	0	1	1.0	0.23	0.0	1.0	1.0	0.26	1578581494.7262087	100.0	23.0	0.0	100.0	100.0	26.0	840	891	960	827	878	953			nan	1137	1082	1074	939	998	1018			nan
13.2	90.0	73.5	-73.5	34.3	18.5									81.200000000000003	1	0	0	1	1.0	0.23	0.0	1.0	1.0	0.26	1578581494.830721	100.0	23.0	0.0	100.0	100.0	26.0	840	891	960	827	878	953			nan	1137	1082	1074	939	998	1018			nan
13.2	90.0	73.5	-73.5	34.3	18.5									81.200000000000003	1	0	0	1	1.0	0.23	0.0	1.0	1.0	0.26	1578581494.9349678	100.0	23.0	0.0	100.0	100.0	26.0	840	891	960	827	878	953			nan	1137	1082	1074	939	998	1018			nan
13.2	90.0	73.5	-73.5	34.3	18.5									81.200000000000003	1	0	0	1	1.0	0.23	0.0	1.0	1.0	0.26	1578581495.0394666	100.0	23.0	0.0	100.0	100.0	26.0	840	891	960	827	878	953			nan	1137	1082	1074	939	998	1018			nan
13.2	90.0	73.5	-73.5	34.3	18.5									81.200000000000003	1	0	0	1	1.0	0.23	0.0	1.0	1.0	0.26	1578581495.1445065	100.0	23.0	0.0	100.0	100.0	26.0	840	891	960	827	878	953			nan	1137	1082	1074	939	998	1018			nan
13.1	89.9	73.6	-73.6	33.9	18.3									81.900000000000006	1	0	0	1	1.0	0.23	0.0	1.0	1.0	0.26	1578581495.2485588	100.0	23.0	0.0	100.0	100.0	26.0	840	891	960	827	879	953			nan	1136	1082	1074	939	998	1018			nan
13.1	89.9	73.6	-73.6	33.9	18.3									81.900000000000006	1	0	0	1	1.0	0.23	0.0	1.0	1.0	0.26	1578581495.3542829	100.0	23.0	0.0	100.0	100.0	26.0	840	891	960	827	879	953			nan	1136	1082	1074	939	998	1018			nan
15.6	67.5	71.0	-71.0	26.8	18.1									81.900000000000006	1	0	0	1	1.0	0.23	0.0	1.0	1.0	0.26	1578581495.4590776	100.0	23.0	0.0	100.0	100.0	26.0	840	891	963	826	879	954			nan	1137	1082	1073	939	998	1017			nan
15.6	67.5	71.0	-71.0	26.8	18.1									81.900000000000006	1	0	0	1	1.0	0.23	0.0	1.0	1.0	0.26	1578581495.5635703	100.0	23.0	0.0	100.0	100.0	26.0	840	891	963	826	879	954			nan	1137	1082	1073	939	998	1017			nan
15.6	67.5	71.0	-71.0	26.8	18.1									81.900000000000006	1	0	0	1	1.0	0.23	0.0	1.0	1.0	0.26	1578581495.6677577	100.0	23.0	0.0	100.0	100.0	26.0	840	891	963	826	879	954			nan	1137	1082	1073	939	998	1017			nan
15.6	67.5	71.0	-71.0	26.8	18.1									81.900000000000006	1	0	0	1	1.0	0.23	0.0	1.0	1.0	0.26	1578581495.77193	100.0	23.0	0.0	100.0	100.0	26.0	840	891	963	826	879	954			nan	1137	1082	1073	939	998	1017			nan
29.1	38.3	51.1	-51.1	41.6	5.8									81.099999999999994	1	0	0	1	1.0	0.23	0.0	1.0	1.0	0.26	1578581495.876391	100.0	23.0	0.0	100.0	100.0	26.0	840	894	967	825	880	954			nan	1136	1085	1064	940	996	1018			nan
29.1	38.3	51.1	-51.1	41.6	5.8									81.099999999999994	1	0	0	1	1.0	0.23	0.0	1.0	1.0	0.26	1578581495.9807155	100.0	23.0	0.0	100.0	100.0	26.0	840	894	967	825	880	954			nan	1136	1085	1064	940	996	1018			nan
73.6	nan	nan	nan	nan	nan									nan	1	0	0	1	1.0	0.23	0.0	1.0	1.0	0.26	1578581496.0849118	100.0	23.0	0.0	100.0	100.0	26.0	840	906	nan	nan	nan	954			nan	1136	1115	nan	nan	nan	1017			nan
73.6	nan	nan	nan	nan	nan									nan	1	0	0	1	1.0	0.23	0.0	1.0	1.0	0.26	1578581496.1892364	100.0	23.0	0.0	100.0	100.0	26.0	840	906	nan	nan	nan	954			nan	1136	1115	nan	nan	nan	1017			nan
73.6	nan	nan	nan	nan	nan									nan	1	0	0	1	1.0	0.23	0.0	1.0	1.0	0.26	1578581496.2938037	100.0	23.0	0.0	100.0	100.0	26.0	840	906	nan	nan	nan	954			nan	1136	1115	nan	nan	nan	1017			nan
73.6	nan	nan	nan	nan	nan									nan	1	0	0	1	1.0	0.23	0.0	1.0	1.0	0.26	1578581496.3981066	100.0	23.0	0.0	100.0	100.0	26.0	840	906	nan	nan	nan	954			nan	1136	1115	nan	nan	nan	1017			nan
nan	nan	nan	nan	122.0	-48.5									nan	1	0	0	1	1.0	0.23	0.0	1.0	1.0	0.26	1578581496.501672	100.0	23.0	0.0	100.0	100.0	26.0	840	nan	952	828	894	953			nan	1137	nan	1193	1043	1056	1016			nan
nan	nan	nan	nan	122.0	-48.5									nan	1	1	1	1	1.0	0.23	0.0	1.0	1.0	0.26	1578581496.6067877	100.0	23.0	0.0	100.0	100.0	26.0	840	nan	952	828	894	953			nan	1137	nan	1193	1043	1056	1016			nan
100.5	39.2	-91.2	91.2	130.3	-50.8									86.099999999999994	1	1	1	1	1.0	0.23	0.0	1.0	1.0	0.26	1578581496.7109213	100.0	23.0	0.0	100.0	100.0	26.0	840	902	945	832	897	953			nan	1136	1133	1198	1046	1059	1015			nan
100.5	39.2	-91.2	91.2	130.3	-50.8									86.099999999999994	1	1	1	1	1.0	0.23	0.0	1.0	1.0	0.26	1578581496.816145	100.0	23.0	0.0	100.0	100.0	26.0	840	902	945	832	897	953			nan	1136	1133	1198	1046	1059	1015			nan
102.1	38.9	-93.1	93.1	134.3	-48.7									86.099999999999994	0	1	1	0	1.0	0.23	0.0	1.0	1.0	0.26	1578581496.9203336	100.0	23.0	0.0	100.0	100.0	26.0	840	902	943	834	897	953			nan	1136	1134	1200	1046	1061	1015			nan
102.1	38.9	-93.1	93.1	134.3	-48.7									86.099999999999994	0	1	1	0	1.0	0.23	0.0	1.0	1.0	0.26	1578581497.030941	100.0	23.0	0.0	100.0	100.0	26.0	840	902	943	834	897	953			nan	1136	1134	1200	1046	1061	1015			nan
102.1	38.9	-93.1	93.1	134.3	-48.7									86.099999999999994	0	1	1	0	1.0	0.23	0.0	1.0	1.0	0.26	1578581497.135409	100.0	23.0	0.0	100.0	100.0	26.0	840	902	943	834	897	953			nan	1136	1134	1200	1046	1061	1015			nan
102.1	38.9	-93.1	93.1	134.3	-48.7									86.099999999999994	0	1	1	0	0.13	0.23	0.48	0.0	0.0	0.26	1578581497.2428405	13.0	23.0	48.0	0.0	0.0	26.0	840	902	943	834	897	953			nan	1136	1134	1200	1046	1061	1015			nan
104.9	36.6	-96.3	96.3	137.1	-48.5									86.900000000000006	0	1	1	0	0.13	0.23	0.48	0.0	0.0	0.26	1578581497.3474672	13.0	23.0	48.0	0.0	0.0	26.0	840	902	941	836	898	953			nan	1136	1135	1202	1047	1062	1016			nan
104.9	36.6	-96.3	96.3	137.1	-48.5									86.900000000000006	0	1	1	0	0.13	0.23	0.48	0.0	0.0	0.26	1578581497.4520366	13.0	23.0	48.0	0.0	0.0	26.0	840	902	941	836	898	953			nan	1136	1135	1202	1047	1062	1016			nan
105.0	36.3	-97.1	97.1	140.1	-48.6									86.900000000000006	0	1	1	0	0.13	0.23	0.48	0.0	0.0	0.26	1578581497.556388	13.0	23.0	48.0	0.0	0.0	26.0	840	902	941	836	898	953			nan	1137	1135	1202	1046	1062	1015			nan
105.0	36.3	-97.1	97.1	140.1	-48.6									86.900000000000006	0	1	1	0	0.13	0.23	0.48	0.0	0.0	0.26	1578581497.660861	13.0	23.0	48.0	0.0	0.0	26.0	840	902	941	836	898	953			nan	1137	1135	1202	1046	1062	1015			nan
105.0	36.3	-97.1	97.1	140.1	-48.6									86.900000000000006	0	1	1	0	0.13	0.23	0.48	0.0	0.0	0.26	1578581497.765418	13.0	23.0	48.0	0.0	0.0	26.0	840	902	941	836	898	953			nan	1137	1135	1202	1046	1062	1015			nan
105.0	36.3	-97.1	97.1	140.1	-48.6									86.900000000000006	0	1	1	0	0.13	0.23	0.48	0.0	0.0	0.26	1578581497.8697064	13.0	23.0	48.0	0.0	0.0	26.0	840	902	941	836	898	953			nan	1137	1135	1202	1046	1062	1015			nan
105.3	36.4	nan	nan	nan	nan									nan	0	1	1	0	0.13	0.23	0.48	0.0	0.0	0.26	1578581497.974773	13.0	23.0	48.0	0.0	0.0	26.0	840	902	941	836	nan	953			nan	1136	1135	1202	1046	nan	1015			nan
105.3	36.4	nan	nan	nan	nan									nan	0	1	1	0	0.13	0.23	0.48	0.0	0.0	0.26	1578581498.0784726	13.0	23.0	48.0	0.0	0.0	26.0	840	902	941	836	nan	953			nan	1136	1135	1202	1046	nan	1015			nan
nan	39.6	-90.3	90.3	134.2	15.0									90.0	0	1	1	0	0.13	0.23	0.48	0.0	0.0	0.26	1578581498.1825528	13.0	23.0	48.0	0.0	0.0	26.0	nan	900	941	836	900	931			nan	nan	1137	1202	1046	1062	987			nan
nan	39.6	-90.3	90.3	134.2	15.0									90.0	0	1	1	0	0.13	0.23	0.48	0.0	0.0	0.26	1578581498.2869248	13.0	23.0	48.0	0.0	0.0	26.0	nan	900	941	836	900	931			nan	nan	1137	1202	1046	1062	987			nan
nan	39.6	-90.3	90.3	134.2	15.0									90.0	0	1	1	0	0.13	0.23	0.48	0.0	0.0	0.26	1578581498.3920193	13.0	23.0	48.0	0.0	0.0	26.0	nan	900	941	836	900	931			nan	nan	1137	1202	1046	1062	987			nan
nan	39.6	-90.3	90.3	134.2	15.0									90.0	0	1	1	0	0.13	0.23	0.48	0.0	0.0	0.26	1578581498.4965067	13.0	23.0	48.0	0.0	0.0	26.0	nan	900	941	836	900	931			nan	nan	1137	1202	1046	1062	987			nan
nan	nan	nan	nan	110.1	36.6									nan	0	1	1	0	0.13	0.23	0.48	0.0	0.0	0.26	1578581498.6026587	13.0	23.0	48.0	0.0	0.0	26.0	832	nan	942	834	903	933			nan	1142	nan	1202	1045	1058	983			nan
nan	63.1	-7.2	7.2	54.4	nan									104.90000000000001	0	1	1	0	0.13	0.23	0.48	0.0	0.0	0.26	1578581498.7083247	13.0	23.0	48.0	0.0	0.0	26.0	nan	882	943	834	906	nan			nan	nan	1160	1202	1043	1070	nan			nan
nan	63.1	-7.2	7.2	54.4	nan									104.90000000000001	0	1	1	0	0.13	0.23	0.48	0.0	0.0	0.26	1578581498.8134005	13.0	23.0	48.0	0.0	0.0	26.0	nan	882	943	834	906	nan			nan	nan	1160	1202	1043	1070	nan			nan
nan	63.1	-7.2	7.2	54.4	nan									104.90000000000001	0	1	1	0	0.13	0.23	0.48	0.0	0.0	0.26	1578581498.9182386	13.0	23.0	48.0	0.0	0.0	26.0	nan	882	943	834	906	nan			nan	nan	1160	1202	1043	1070	nan			nan
nan	63.1	-7.2	7.2	54.4	nan									104.90000000000001	0	1	1	0	0.13	0.23	0.48	0.0	0.0	0.26	1578581499.0228782	13.0	23.0	48.0	0.0	0.0	26.0	nan	882	943	834	906	nan			nan	nan	1160	1202	1043	1070	nan			nan
nan	86.6	49.2	-49.2	34.5	15.1									100.5	0	1	1	0	0.13	0.23	0.48	0.0	0.0	0.26	1578581499.1272426	13.0	23.0	48.0	0.0	0.0	26.0	nan	875	943	835	891	964			nan	nan	1186	1202	1044	1100	1125			nan
nan	86.6	49.2	-49.2	34.5	15.1									100.5	1	1	1	1	0.13	0.23	0.48	0.0	0.0	0.26	1578581499.2324667	13.0	23.0	48.0	0.0	0.0	26.0	nan	875	943	835	891	964			nan	nan	1186	1202	1044	1100	1125			nan
	87.7	50.3	-50.3	34.0	16.9									99.900000000000006	1	1	1	1	0.13	0.23	0.48	0.0	0.0	0.26	1578581499.3369148	13.0	23.0	48.0	0.0	0.0	26.0	801	876	943	835	891	964			nan	1202	1186	1202	1044	1100	1124			nan
	87.7	50.3	-50.3	34.0	16.9									99.900000000000006	1	1	1	1	0.13	0.23	0.48	0.0	0.0	0.26	1578581499.4479294	13.0	23.0	48.0	0.0	0.0	26.0	801	876	943	835	891	964			nan	1202	1186	1202	1044	1100	1124			nan
	87.7	50.3	-50.3	34.0	16.9									99.900000000000006	1	0	0	1	0.13	0.23	0.48	0.0	0.0	0.26	1578581499.5521953	13.0	23.0	48.0	0.0	0.0	26.0	801	876	943	835	891	964			nan	1202	1186	1202	1044	1100	1124			nan
	87.7	50.3	-50.3	34.0	16.9									99.900000000000006	1	0	0	1	0.13	0.23	0.48	0.0	0.0	0.26	1578581499.656367	13.0	23.0	48.0	0.0	0.0	26.0	801	876	943	835	891	964			nan	1202	1186	1202	1044	1100	1124			nan
nan	87.9	50.6	-50.6	34.0	16.7									99.900000000000006	1	0	0	1	0.13	0.23	0.48	0.0	0.0	0.26	1578581499.7607799	13.0	23.0	48.0	0.0	0.0	26.0	nan	876	943	835	891	964			nan	nan	1186	1202	1044	1100	1124			nan
nan	87.9	50.6	-50.6	34.0	16.7									99.900000000000006	1	0	0	1	1.0	0.23	0.0	1.0	1.0	0.26	1578581499.8652005	100.0	23.0	0.0	100.0	100.0	26.0	nan	876	943	835	891	964			nan	nan	1186	1202	1044	1100	1124			nan
nan	88.1	51.0	-51.0	33.3	17.4									99.900000000000006	1	0	0	1	1.0	0.23	0.0	1.0	1.0	0.26	1578581499.9699523	100.0	23.0	0.0	100.0	100.0	26.0	nan	876	943	834	891	964			nan	nan	1186	1202	1044	1100	1124			nan
nan	88.1	51.0	-51.0	33.3	17.4									99.900000000000006	1	0	0	1	1.0	0.23	0.0	1.0	1.0	0.26	1578581500.0758898	100.0	23.0	0.0	100.0	100.0	26.0	nan	876	943	834	891	964			nan	nan	1186	1202	1044	1100	1124			nan
nan	88.1	51.0	-51.0	33.3	17.4									99.900000000000006	1	0	0	1	1.0	0.23	0.0	1.0	1.0	0.26	1578581500.1802292	100.0	23.0	0.0	100.0	100.0	26.0	nan	876	943	834	891	964			nan	nan	1186	1202	1044	1100	1124			nan
